#X	Y	Z	HWP	pmt_signal	pmt1_signal	time
60.0005	40.0	50.0005	0.0	0.000936	5.2e-05	1523464728.127105
60.0192	39.9922	-0.0434	0.0	6.6e-05	5.2e-05	1523464728.255112
60.0098	39.9959	0.9968	0.0	0.000105	1.7e-05	1523464728.310115
60.0084	39.9966	2.004	0.0	0.000136	1.7e-05	1523464728.362118
60.0074	39.9976	3.0083	0.0	7.3e-05	1.7e-05	1523464728.413121
60.0066	39.9968	4.0115	0.0	0.000122	3.5e-05	1523464728.461123
60.006	39.997	5.0157	0.0	9.6e-05	3.5e-05	1523464728.510127
60.0048	39.9988	6.0151	0.0	0.000101	3.5e-05	1523464728.56313
60.0057	39.9975	7.021	0.0	0.000176	3.5e-05	1523464728.616132
60.001	39.9986	8.0197	0.0	0.000161	1.7e-05	1523464728.684136
60.0056	39.9978	9.0236	0.0	0.000133	1.7e-05	1523464728.73614
60.0034	39.9981	10.0243	0.0	8.9e-05	3.5e-05	1523464728.786142
60.0032	39.9986	11.0262	0.0	0.000119	3.5e-05	1523464728.833145
60.0047	39.9982	12.0287	0.0	0.000175	3.5e-05	1523464728.886148
60.0052	39.9969	13.0304	0.0	9.6e-05	3.5e-05	1523464728.935151
60.0029	39.9976	14.0332	0.0	0.000236	3.5e-05	1523464728.981153
60.0046	39.9975	15.0338	0.0	0.000192	3.5e-05	1523464729.029156
60.0026	39.9978	16.0348	0.0	0.000208	3.5e-05	1523464729.080159
60.0029	39.999	17.0349	0.0	0.000263	3.5e-05	1523464729.131162
60.0044	39.9984	18.0391	0.0	7.2e-05	1.7e-05	1523464729.184165
60.0044	39.9979	19.0403	0.0	0.000306	1.7e-05	1523464729.233168
60.0025	39.999	20.0392	0.0	0.000175	3.5e-05	1523464729.288171
60.0053	39.9985	21.0423	0.0	0.000189	3.5e-05	1523464729.340174
60.0022	39.9996	22.0416	0.0	0.000138	1.7e-05	1523464729.389177
60.0016	39.9983	23.0445	0.0	0.000258	1.7e-05	1523464729.436179
60.0042	39.9989	24.048	0.0	0.000122	3.5e-05	1523464729.482182
60.0008	39.9995	25.0294	0.0	0.000178	1.7e-05	1523464729.545186
60.0028	39.9984	26.0435	0.0	0.000236	1.7e-05	1523464729.593188
60.0038	39.9995	27.0459	0.0	8.7e-05	3.5e-05	1523464729.642191
60.0028	39.9977	28.0497	0.0	0.000246	5.2e-05	1523464729.688194
60.0008	39.9987	29.0517	0.0	0.000408	1.7e-05	1523464729.734196
60.0034	39.9986	30.052	0.0	0.000244	1.7e-05	1523464729.786199
60.0006	39.9994	31.0436	0.0	0.000447	1.7e-05	1523464729.841203
60.0039	39.9983	32.0521	0.0	0.000426	3.5e-05	1523464729.891205
60.0017	39.9986	33.0543	0.0	0.000425	3.5e-05	1523464729.938208
60.0007	39.9975	34.0565	0.0	0.000332	5.2e-05	1523464729.984211
60.0004	40.0001	35.0381	0.0	0.000487	3.5e-05	1523464730.047214
60.001	39.9992	36.0512	0.0	0.000558	5.2e-05	1523464730.099217
60.0041	39.9985	37.0558	0.0	0.000424	3.5e-05	1523464730.14922
60.0029	39.9975	38.058	0.0	0.000461	3.5e-05	1523464730.196223
60.0007	39.9983	39.0564	0.0	0.000864	5.2e-05	1523464730.243226
60.0026	39.9979	40.0581	0.0	0.001358	1.7e-05	1523464730.294229
60.0032	39.999	41.0598	0.0	0.001087	5.2e-05	1523464730.341231
60.0	39.9992	42.0608	0.0	0.000762	5.2e-05	1523464730.387234
60.0016	39.9997	43.06	0.0	0.00047	3.5e-05	1523464730.441237
60.0043	39.9987	44.0591	0.0	0.000495	8.7e-05	1523464730.49224
60.0012	39.9993	45.0579	0.0	0.000444	3.5e-05	1523464730.542243
60.0017	39.9983	46.0645	0.0	0.000712	5.2e-05	1523464730.587245
60.0006	39.9989	47.0506	0.0	0.000505	3.5e-05	1523464730.641248
60.0014	39.9982	48.0628	0.0	0.000744	5.2e-05	1523464730.691251
59.9994	39.9992	49.0619	0.0	0.000527	5.2e-05	1523464730.748255
60.0011	39.9985	50.0592	0.0	0.00071	5.2e-05	1523464730.795257
60.0011	39.9989	51.0603	0.0	0.001188	0.000122	1523464730.856261
60.003	39.9981	52.0613	0.0	0.001691	0.000174	1523464730.903263
60.0027	39.9991	53.0684	0.0	0.001707	0.000191	1523464730.947266
60.0021	39.9977	54.0673	0.0	0.003538	0.000469	1523464730.992268
60.0019	39.9984	55.0701	0.0	0.007056	0.000452	1523464731.039271
60.0003	39.9985	56.0614	0.0	6.8e-05	0.000399	1523464731.090274
60.0023	39.9989	57.0667	0.0	6.8e-05	0.000643	1523464731.137277
60.0027	39.9986	58.0686	0.0	5.4e-05	0.001546	1523464731.183279
60.0013	39.9985	59.0703	0.0	7.1e-05	0.002536	1523464731.227282
59.9997	39.9986	60.0679	0.0	6.4e-05	0.003909	1523464731.274285
60.0027	39.9979	61.0709	0.0	9.8e-05	0.004326	1523464731.322287
60.0023	39.9981	62.0693	0.0	7.7e-05	0.003422	1523464731.36829
60.0027	39.9985	63.0722	0.0	5.9e-05	0.003075	1523464731.412293
59.9995	39.9996	64.0712	0.0	0.000101	0.002414	1523464731.460295
60.0017	39.9977	65.0706	0.0	0.000115	0.001772	1523464731.507298
60.0038	39.9971	66.0724	0.0	8.4e-05	0.00106	1523464731.5513
60.0015	39.9996	67.0721	0.0	0.000194	0.000938	1523464731.598303
60.0032	39.9982	68.0738	0.0	0.000178	0.000625	1523464731.643306
60.0023	39.9988	69.07	0.0	0.000259	0.000295	1523464731.693308
60.0036	39.9991	70.0715	0.0	0.000271	0.000156	1523464731.741311
60.0023	39.9992	71.071	0.0	0.000604	0.000104	1523464731.792314
60.0021	39.999	72.068	0.0	0.000646	0.000122	1523464731.840317
60.0014	39.9981	73.0711	0.0	0.000499	6.9e-05	1523464731.89232
60.002	39.9984	74.0699	0.0	0.000377	5.2e-05	1523464731.939323
60.0004	39.9989	75.0714	0.0	0.000286	3.5e-05	1523464731.986325
60.002	39.9984	76.0707	0.0	0.000408	1.7e-05	1523464732.038328
60.0029	39.9986	77.0721	0.0	0.000336	5.2e-05	1523464732.092331
60.0008	40.0002	78.0436	0.0	0.000382	7e-05	1523464732.163335
60.0002	39.999	79.0584	0.0	0.000327	5.2e-05	1523464732.223339
60.001	39.9988	80.0616	0.0	0.000388	3.5e-05	1523464732.284342
60.0002	39.9982	81.0634	0.0	0.000343	0.000156	1523464732.342346
60.0013	39.9999	82.0689	0.0	0.000624	5.2e-05	1523464732.392349
60.0021	39.9981	83.0703	0.0	0.000312	3.5e-05	1523464732.439351
60.0005	39.9986	84.072	0.0	0.000443	3.5e-05	1523464732.487354
60.001	39.9988	85.0684	0.0	0.000388	6.9e-05	1523464732.537357
60.0037	39.9986	86.073	0.0	0.000497	3.5e-05	1523464732.58536
59.9995	39.9982	87.0731	0.0	0.00045	5.2e-05	1523464732.630362
60.0007	39.9985	88.0738	0.0	0.000432	3.5e-05	1523464732.675364
60.0016	39.9993	89.0691	0.0	0.000196	3.5e-05	1523464732.723367
59.9985	39.9983	90.0709	0.0	0.000437	5.2e-05	1523464732.77137
59.9999	39.9985	91.0723	0.0	0.000229	1.7e-05	1523464732.822373
60.0013	39.9982	92.0723	0.0	0.0003	3.5e-05	1523464732.874376
60.0015	39.9995	93.0696	0.0	0.000241	3.5e-05	1523464732.93338
59.9986	39.9985	94.0637	0.0	0.000388	3.5e-05	1523464732.992383
60.001	39.9993	95.0672	0.0	0.000289	1.7e-05	1523464733.048386
60.0022	39.9978	96.0705	0.0	0.000358	3.5e-05	1523464733.100389
60.0012	39.9989	97.0679	0.0	0.000204	3.5e-05	1523464733.159393
60.004	39.9975	98.0679	0.0	0.000315	3.5e-05	1523464733.212395
