1.028059005737304688e+00 5.680000000000000000e+02 2.557000000000000000e+03
1.034321989675965003e+00 5.680000000000000000e+02 2.841000000000000000e+03
1.040584973614625319e+00 8.520000000000000000e+02 2.557000000000000000e+03
1.046847957553285635e+00 5.680000000000000000e+02 2.841000000000000000e+03
1.053110941491945729e+00 5.680000000000000000e+02 2.841000000000000000e+03
1.059373925430606045e+00 5.680000000000000000e+02 2.557000000000000000e+03
1.065636909369266361e+00 5.680000000000000000e+02 2.841000000000000000e+03
1.071899893307926677e+00 8.520000000000000000e+02 2.557000000000000000e+03
1.078162877246586993e+00 8.520000000000000000e+02 2.557000000000000000e+03
1.084425861185247308e+00 8.520000000000000000e+02 2.557000000000000000e+03
1.090688845123907624e+00 5.680000000000000000e+02 2.557000000000000000e+03
1.096951829062567718e+00 8.520000000000000000e+02 2.557000000000000000e+03
1.103214813001228034e+00 8.520000000000000000e+02 2.841000000000000000e+03
1.109477796939888350e+00 1.136000000000000000e+03 2.841000000000000000e+03
1.115740780878548666e+00 1.136000000000000000e+03 2.841000000000000000e+03
1.122003764817208982e+00 1.136000000000000000e+03 2.841000000000000000e+03
1.128266748755869298e+00 1.136000000000000000e+03 2.841000000000000000e+03
1.134529732694529613e+00 1.421000000000000000e+03 2.557000000000000000e+03
1.140792716633189929e+00 1.137000000000000000e+03 2.557000000000000000e+03
1.147055700571850023e+00 1.137000000000000000e+03 2.557000000000000000e+03
1.153318684510510339e+00 1.421000000000000000e+03 2.841000000000000000e+03
1.159581668449170655e+00 1.421000000000000000e+03 2.841000000000000000e+03
1.165844652387830971e+00 1.705000000000000000e+03 2.557000000000000000e+03
1.172107636326491287e+00 1.705000000000000000e+03 2.557000000000000000e+03
1.178370620265151603e+00 1.705000000000000000e+03 2.841000000000000000e+03
1.184633604203811696e+00 1.705000000000000000e+03 2.841000000000000000e+03
1.190896588142472012e+00 1.989000000000000000e+03 2.841000000000000000e+03
1.197159572081132328e+00 1.705000000000000000e+03 2.841000000000000000e+03
1.203422556019792644e+00 1.705000000000000000e+03 2.841000000000000000e+03
1.209685539958452960e+00 1.705000000000000000e+03 2.841000000000000000e+03
1.215948523897113276e+00 1.705000000000000000e+03 2.557000000000000000e+03
1.222211507835773592e+00 1.705000000000000000e+03 2.841000000000000000e+03
1.228474491774433908e+00 1.989000000000000000e+03 2.557000000000000000e+03
1.234737475713094002e+00 1.989000000000000000e+03 2.557000000000000000e+03
1.241000459651754317e+00 1.989000000000000000e+03 2.557000000000000000e+03
1.247263443590414633e+00 1.989000000000000000e+03 2.841000000000000000e+03
1.253526427529074949e+00 1.989000000000000000e+03 2.841000000000000000e+03
1.259789411467735265e+00 2.273000000000000000e+03 2.841000000000000000e+03
1.266052395406395581e+00 2.273000000000000000e+03 2.841000000000000000e+03
1.272315379345055675e+00 2.273000000000000000e+03 2.557000000000000000e+03
1.278578363283715991e+00 2.557000000000000000e+03 2.841000000000000000e+03
1.284841347222376307e+00 2.557000000000000000e+03 2.557000000000000000e+03
1.291104331161036622e+00 3.125000000000000000e+03 2.841000000000000000e+03
1.297367315099696938e+00 2.841000000000000000e+03 2.557000000000000000e+03
1.303630299038357254e+00 3.409000000000000000e+03 2.841000000000000000e+03
1.309893282977017570e+00 3.694000000000000000e+03 2.557000000000000000e+03
1.316156266915677886e+00 4.546000000000000000e+03 2.557000000000000000e+03
1.322419250854338202e+00 4.830000000000000000e+03 2.841000000000000000e+03
1.328682234792998296e+00 5.398000000000000000e+03 2.557000000000000000e+03
1.334945218731658612e+00 5.966000000000000000e+03 2.841000000000000000e+03
1.341208202670318927e+00 6.250000000000000000e+03 2.841000000000000000e+03
1.347471186608979243e+00 6.819000000000000000e+03 2.557000000000000000e+03
1.353734170547639559e+00 7.103000000000000000e+03 2.557000000000000000e+03
1.359997154486299653e+00 7.387000000000000000e+03 2.557000000000000000e+03
1.366260138424959969e+00 7.671000000000000000e+03 2.841000000000000000e+03
1.372523122363620285e+00 8.239000000000000000e+03 2.841000000000000000e+03
1.378786106302280601e+00 8.523000000000000000e+03 2.841000000000000000e+03
1.385049090240940917e+00 8.807000000000000000e+03 2.557000000000000000e+03
1.391312074179601233e+00 8.807000000000000000e+03 2.841000000000000000e+03
1.397575058118261548e+00 9.091000000000000000e+03 2.557000000000000000e+03
1.403838042056921864e+00 9.375000000000000000e+03 2.841000000000000000e+03
1.410101025995582180e+00 9.375000000000000000e+03 2.841000000000000000e+03
1.416364009934242274e+00 9.375000000000000000e+03 2.841000000000000000e+03
1.422626993872902590e+00 9.659000000000000000e+03 2.841000000000000000e+03
1.428889977811562906e+00 9.659000000000000000e+03 2.557000000000000000e+03
1.435152961750223222e+00 9.659000000000000000e+03 2.557000000000000000e+03
1.441415945688883538e+00 9.943000000000000000e+03 2.841000000000000000e+03
1.447678929627543631e+00 9.659000000000000000e+03 2.841000000000000000e+03
1.453941913566203947e+00 9.943000000000000000e+03 2.841000000000000000e+03
1.460204897504864263e+00 9.943000000000000000e+03 2.841000000000000000e+03
1.466467881443524579e+00 9.659000000000000000e+03 2.557000000000000000e+03
1.472730865382184895e+00 9.943000000000000000e+03 2.841000000000000000e+03
1.478993849320845211e+00 9.659000000000000000e+03 2.841000000000000000e+03
1.485256833259505527e+00 9.659000000000000000e+03 2.841000000000000000e+03
1.491519817198165843e+00 9.659000000000000000e+03 2.841000000000000000e+03
1.497782801136826158e+00 9.659000000000000000e+03 2.841000000000000000e+03
1.504045785075486252e+00 9.375000000000000000e+03 2.841000000000000000e+03
1.510308769014146568e+00 9.375000000000000000e+03 2.557000000000000000e+03
1.516571752952806884e+00 9.091000000000000000e+03 2.841000000000000000e+03
1.522834736891467200e+00 9.375000000000000000e+03 2.557000000000000000e+03
1.529097720830127516e+00 8.807000000000000000e+03 2.841000000000000000e+03
1.535360704768787610e+00 8.807000000000000000e+03 2.841000000000000000e+03
1.541623688707447926e+00 8.523000000000000000e+03 2.557000000000000000e+03
1.547886672646108241e+00 8.523000000000000000e+03 2.841000000000000000e+03
1.554149656584768557e+00 7.955000000000000000e+03 2.841000000000000000e+03
1.560412640523428873e+00 7.671000000000000000e+03 2.841000000000000000e+03
1.566675624462089189e+00 7.102000000000000000e+03 3.125000000000000000e+03
1.572938608400749505e+00 6.818000000000000000e+03 2.841000000000000000e+03
1.579201592339409821e+00 6.818000000000000000e+03 2.841000000000000000e+03
1.585464576278070137e+00 5.966000000000000000e+03 2.557000000000000000e+03
1.591727560216730453e+00 5.398000000000000000e+03 2.841000000000000000e+03
1.597990544155390547e+00 4.830000000000000000e+03 2.841000000000000000e+03
1.604253528094050862e+00 4.261000000000000000e+03 2.841000000000000000e+03
1.610516512032711178e+00 4.261000000000000000e+03 2.557000000000000000e+03
1.616779495971371494e+00 3.977000000000000000e+03 2.841000000000000000e+03
1.623042479910031588e+00 3.977000000000000000e+03 2.841000000000000000e+03
1.629305463848691904e+00 3.693000000000000000e+03 2.557000000000000000e+03
1.635568447787352220e+00 3.693000000000000000e+03 2.557000000000000000e+03
1.641831431726012536e+00 3.693000000000000000e+03 2.841000000000000000e+03
1.648094415664672852e+00 3.693000000000000000e+03 2.557000000000000000e+03
1.671095848083496094e+00 2.841000000000000000e+03 2.557000000000000000e+03
1.677389135264387043e+00 2.841000000000000000e+03 2.841000000000000000e+03
1.683682422445277993e+00 2.841000000000000000e+03 2.841000000000000000e+03
1.689975709626168943e+00 2.841000000000000000e+03 2.557000000000000000e+03
1.696268996807059892e+00 2.841000000000000000e+03 2.841000000000000000e+03
1.702562283987950842e+00 2.841000000000000000e+03 2.841000000000000000e+03
1.708855571168841792e+00 2.841000000000000000e+03 2.841000000000000000e+03
1.715148858349732741e+00 2.841000000000000000e+03 2.841000000000000000e+03
1.721442145530623691e+00 2.841000000000000000e+03 2.841000000000000000e+03
1.727735432711514640e+00 3.125000000000000000e+03 2.841000000000000000e+03
1.734028719892405590e+00 3.125000000000000000e+03 2.841000000000000000e+03
1.740322007073296540e+00 3.125000000000000000e+03 2.841000000000000000e+03
1.746615294254187489e+00 3.125000000000000000e+03 2.841000000000000000e+03
1.752908581435078439e+00 3.125000000000000000e+03 2.557000000000000000e+03
1.759201868615969166e+00 3.125000000000000000e+03 2.557000000000000000e+03
1.765495155796860116e+00 2.841000000000000000e+03 2.841000000000000000e+03
1.771788442977751066e+00 2.841000000000000000e+03 2.841000000000000000e+03
1.778081730158642015e+00 2.841000000000000000e+03 2.557000000000000000e+03
1.784375017339532965e+00 2.841000000000000000e+03 2.841000000000000000e+03
1.790668304520423915e+00 2.841000000000000000e+03 2.557000000000000000e+03
1.796961591701314864e+00 2.841000000000000000e+03 2.557000000000000000e+03
1.803254878882205814e+00 2.841000000000000000e+03 2.557000000000000000e+03
1.809548166063096764e+00 2.841000000000000000e+03 2.557000000000000000e+03
1.815841453243987713e+00 2.841000000000000000e+03 2.841000000000000000e+03
1.822134740424878663e+00 2.841000000000000000e+03 2.841000000000000000e+03
1.828428027605769612e+00 2.841000000000000000e+03 2.841000000000000000e+03
1.834721314786660562e+00 2.557000000000000000e+03 2.841000000000000000e+03
1.841014601967551512e+00 2.841000000000000000e+03 2.557000000000000000e+03
1.847307889148442461e+00 2.841000000000000000e+03 2.841000000000000000e+03
1.853601176329333411e+00 2.557000000000000000e+03 2.841000000000000000e+03
1.859894463510224361e+00 2.557000000000000000e+03 2.841000000000000000e+03
1.866187750691115310e+00 2.557000000000000000e+03 2.557000000000000000e+03
1.872481037872006260e+00 2.557000000000000000e+03 2.841000000000000000e+03
1.878774325052897209e+00 2.841000000000000000e+03 2.841000000000000000e+03
1.885067612233788159e+00 2.557000000000000000e+03 2.841000000000000000e+03
1.891360899414679109e+00 2.841000000000000000e+03 2.841000000000000000e+03
1.897654186595570058e+00 2.557000000000000000e+03 2.841000000000000000e+03
1.903947473776460786e+00 2.557000000000000000e+03 2.841000000000000000e+03
1.910240760957351736e+00 2.841000000000000000e+03 2.557000000000000000e+03
1.916534048138242685e+00 3.125000000000000000e+03 2.841000000000000000e+03
1.922827335319133635e+00 3.409000000000000000e+03 2.841000000000000000e+03
1.929120622500024584e+00 3.125000000000000000e+03 2.841000000000000000e+03
1.935413909680915534e+00 3.693000000000000000e+03 2.841000000000000000e+03
1.941707196861806484e+00 3.978000000000000000e+03 2.841000000000000000e+03
1.948000484042697433e+00 4.546000000000000000e+03 2.841000000000000000e+03
1.954293771223588383e+00 5.114000000000000000e+03 2.841000000000000000e+03
1.960587058404479333e+00 5.398000000000000000e+03 2.841000000000000000e+03
1.966880345585370282e+00 5.966000000000000000e+03 2.841000000000000000e+03
1.973173632766261232e+00 6.250000000000000000e+03 2.841000000000000000e+03
1.979466919947152181e+00 6.819000000000000000e+03 2.557000000000000000e+03
1.985760207128043131e+00 7.103000000000000000e+03 2.841000000000000000e+03
1.992053494308934081e+00 7.387000000000000000e+03 2.557000000000000000e+03
1.998346781489825030e+00 7.955000000000000000e+03 2.841000000000000000e+03
2.004640068670715980e+00 8.239000000000000000e+03 2.557000000000000000e+03
2.010933355851606930e+00 8.807000000000000000e+03 2.557000000000000000e+03
2.017226643032497879e+00 9.091000000000000000e+03 2.841000000000000000e+03
2.023519930213388829e+00 9.375000000000000000e+03 2.841000000000000000e+03
2.029813217394279778e+00 9.659000000000000000e+03 2.557000000000000000e+03
2.036106504575170728e+00 9.944000000000000000e+03 2.841000000000000000e+03
2.042399791756061678e+00 1.051200000000000000e+04 2.557000000000000000e+03
2.048693078936952627e+00 1.051200000000000000e+04 2.557000000000000000e+03
2.054986366117843577e+00 1.051200000000000000e+04 2.557000000000000000e+03
2.061279653298734527e+00 1.079600000000000000e+04 2.841000000000000000e+03
2.067572940479625476e+00 1.079600000000000000e+04 2.841000000000000000e+03
2.073866227660516426e+00 1.079600000000000000e+04 2.557000000000000000e+03
2.080159514841407375e+00 1.079600000000000000e+04 2.557000000000000000e+03
2.086452802022298325e+00 1.051200000000000000e+04 2.841000000000000000e+03
2.092746089203189275e+00 1.022800000000000000e+04 2.841000000000000000e+03
2.099039376384080224e+00 9.943000000000000000e+03 2.841000000000000000e+03
2.105332663564971174e+00 9.659000000000000000e+03 2.841000000000000000e+03
2.111625950745862124e+00 9.375000000000000000e+03 2.841000000000000000e+03
2.117919237926753073e+00 9.091000000000000000e+03 2.841000000000000000e+03
2.124212525107644023e+00 8.523000000000000000e+03 2.841000000000000000e+03
2.130505812288534973e+00 7.955000000000000000e+03 2.841000000000000000e+03
2.136799099469425478e+00 7.387000000000000000e+03 2.557000000000000000e+03
2.143092386650316428e+00 6.818000000000000000e+03 2.557000000000000000e+03
2.149385673831207377e+00 6.250000000000000000e+03 2.557000000000000000e+03
2.155678961012098327e+00 5.398000000000000000e+03 2.841000000000000000e+03
2.161972248192989277e+00 4.830000000000000000e+03 2.557000000000000000e+03
2.168265535373880226e+00 4.261000000000000000e+03 2.841000000000000000e+03
2.174558822554771176e+00 3.977000000000000000e+03 2.557000000000000000e+03
2.180852109735662125e+00 3.693000000000000000e+03 2.557000000000000000e+03
2.187145396916553075e+00 3.693000000000000000e+03 2.557000000000000000e+03
2.193438684097444025e+00 3.409000000000000000e+03 3.125000000000000000e+03
2.199731971278334974e+00 3.409000000000000000e+03 2.841000000000000000e+03
2.206025258459225924e+00 3.409000000000000000e+03 2.557000000000000000e+03
2.212318545640116874e+00 3.125000000000000000e+03 2.841000000000000000e+03
2.218611832821007823e+00 3.125000000000000000e+03 2.557000000000000000e+03
2.224905120001898773e+00 3.125000000000000000e+03 2.841000000000000000e+03
2.231198407182789722e+00 3.125000000000000000e+03 2.841000000000000000e+03
2.237491694363680672e+00 3.125000000000000000e+03 2.841000000000000000e+03
2.243784981544571622e+00 3.125000000000000000e+03 2.841000000000000000e+03
2.250078268725462571e+00 3.125000000000000000e+03 2.557000000000000000e+03
2.256371555906353521e+00 3.125000000000000000e+03 2.557000000000000000e+03
2.262664843087244471e+00 3.125000000000000000e+03 2.841000000000000000e+03
2.268958130268135420e+00 3.125000000000000000e+03 2.841000000000000000e+03
2.275251417449026370e+00 3.409000000000000000e+03 2.841000000000000000e+03
2.281544704629917319e+00 3.409000000000000000e+03 2.841000000000000000e+03
2.287837991810808269e+00 3.409000000000000000e+03 2.841000000000000000e+03
2.294131278991699219e+00 3.409000000000000000e+03 2.557000000000000000e+03
2.317132472991943359e+00 3.409000000000000000e+03 2.557000000000000000e+03
2.323415662303115248e+00 3.409000000000000000e+03 2.557000000000000000e+03
2.329698851614287580e+00 3.409000000000000000e+03 2.557000000000000000e+03
2.335982040925459469e+00 3.409000000000000000e+03 2.841000000000000000e+03
2.342265230236631357e+00 3.693000000000000000e+03 2.841000000000000000e+03
2.348548419547803690e+00 3.409000000000000000e+03 2.557000000000000000e+03
2.354831608858975578e+00 3.409000000000000000e+03 2.841000000000000000e+03
2.361114798170147466e+00 3.409000000000000000e+03 2.841000000000000000e+03
2.367397987481319355e+00 3.125000000000000000e+03 2.841000000000000000e+03
2.373681176792491687e+00 3.409000000000000000e+03 2.841000000000000000e+03
2.379964366103663576e+00 3.125000000000000000e+03 2.841000000000000000e+03
2.386247555414835464e+00 3.125000000000000000e+03 2.841000000000000000e+03
2.392530744726007796e+00 3.125000000000000000e+03 2.841000000000000000e+03
2.398813934037179685e+00 3.125000000000000000e+03 2.557000000000000000e+03
2.405097123348351573e+00 3.125000000000000000e+03 3.125000000000000000e+03
2.411380312659523906e+00 3.125000000000000000e+03 2.557000000000000000e+03
2.417663501970695794e+00 3.125000000000000000e+03 2.557000000000000000e+03
2.423946691281867682e+00 3.125000000000000000e+03 2.841000000000000000e+03
2.430229880593039571e+00 3.125000000000000000e+03 2.841000000000000000e+03
2.436513069904211903e+00 3.125000000000000000e+03 2.557000000000000000e+03
2.442796259215383792e+00 2.841000000000000000e+03 2.557000000000000000e+03
2.449079448526555680e+00 2.841000000000000000e+03 2.841000000000000000e+03
2.455362637837728013e+00 3.125000000000000000e+03 2.557000000000000000e+03
2.461645827148899901e+00 2.841000000000000000e+03 2.841000000000000000e+03
2.467929016460071789e+00 3.125000000000000000e+03 2.841000000000000000e+03
2.474212205771244122e+00 2.841000000000000000e+03 2.557000000000000000e+03
2.480495395082416010e+00 2.841000000000000000e+03 2.557000000000000000e+03
2.486778584393587899e+00 2.841000000000000000e+03 2.557000000000000000e+03
2.493061773704759787e+00 3.125000000000000000e+03 2.557000000000000000e+03
2.499344963015932120e+00 2.557000000000000000e+03 2.841000000000000000e+03
2.505628152327104008e+00 2.841000000000000000e+03 2.841000000000000000e+03
2.511911341638275896e+00 3.125000000000000000e+03 2.841000000000000000e+03
2.518194530949448229e+00 3.125000000000000000e+03 2.841000000000000000e+03
2.524477720260620117e+00 3.125000000000000000e+03 2.557000000000000000e+03
2.530760909571792006e+00 3.125000000000000000e+03 2.841000000000000000e+03
2.537044098882964338e+00 3.409000000000000000e+03 2.557000000000000000e+03
2.543327288194136226e+00 3.409000000000000000e+03 2.841000000000000000e+03
2.549610477505308115e+00 3.409000000000000000e+03 2.841000000000000000e+03
2.555893666816480447e+00 3.693000000000000000e+03 2.841000000000000000e+03
2.562176856127652336e+00 3.978000000000000000e+03 2.841000000000000000e+03
2.568460045438824224e+00 4.262000000000000000e+03 2.841000000000000000e+03
2.574743234749996112e+00 4.830000000000000000e+03 2.841000000000000000e+03
2.581026424061168445e+00 5.114000000000000000e+03 2.557000000000000000e+03
2.587309613372340333e+00 5.398000000000000000e+03 2.841000000000000000e+03
2.593592802683512222e+00 5.966000000000000000e+03 2.557000000000000000e+03
2.599875991994684554e+00 6.250000000000000000e+03 2.557000000000000000e+03
2.606159181305856443e+00 6.819000000000000000e+03 2.557000000000000000e+03
2.612442370617028331e+00 7.387000000000000000e+03 2.557000000000000000e+03
2.618725559928200219e+00 7.671000000000000000e+03 2.841000000000000000e+03
2.625008749239372552e+00 7.671000000000000000e+03 2.557000000000000000e+03
2.631291938550544440e+00 7.955000000000000000e+03 2.557000000000000000e+03
2.637575127861716773e+00 8.239000000000000000e+03 2.557000000000000000e+03
2.643858317172888661e+00 8.523000000000000000e+03 2.557000000000000000e+03
2.650141506484060550e+00 8.807000000000000000e+03 2.841000000000000000e+03
2.656424695795232438e+00 9.091000000000000000e+03 2.841000000000000000e+03
2.662707885106404770e+00 9.091000000000000000e+03 2.841000000000000000e+03
2.668991074417576659e+00 9.375000000000000000e+03 2.841000000000000000e+03
2.675274263728748547e+00 9.375000000000000000e+03 2.557000000000000000e+03
2.681557453039920880e+00 9.659000000000000000e+03 2.557000000000000000e+03
2.687840642351092768e+00 9.659000000000000000e+03 2.841000000000000000e+03
2.694123831662264656e+00 9.943000000000000000e+03 2.557000000000000000e+03
2.700407020973436545e+00 9.943000000000000000e+03 2.841000000000000000e+03
2.706690210284608877e+00 9.944000000000000000e+03 2.841000000000000000e+03
2.712973399595780766e+00 9.659000000000000000e+03 2.841000000000000000e+03
2.719256588906952654e+00 9.943000000000000000e+03 2.841000000000000000e+03
2.725539778218124987e+00 9.943000000000000000e+03 2.841000000000000000e+03
2.731822967529296875e+00 9.943000000000000000e+03 2.841000000000000000e+03
2.738106156840468763e+00 9.659000000000000000e+03 2.557000000000000000e+03
2.744389346151641096e+00 9.375000000000000000e+03 2.841000000000000000e+03
2.750672535462812984e+00 9.091000000000000000e+03 2.557000000000000000e+03
2.756955724773984873e+00 9.091000000000000000e+03 2.557000000000000000e+03
2.763238914085157205e+00 9.091000000000000000e+03 2.841000000000000000e+03
2.769522103396329094e+00 8.523000000000000000e+03 2.841000000000000000e+03
2.775805292707500982e+00 8.239000000000000000e+03 2.841000000000000000e+03
2.782088482018672870e+00 7.955000000000000000e+03 2.841000000000000000e+03
2.788371671329845203e+00 7.671000000000000000e+03 2.841000000000000000e+03
2.794654860641017091e+00 7.102000000000000000e+03 2.841000000000000000e+03
2.800938049952188980e+00 6.818000000000000000e+03 2.841000000000000000e+03
2.807221239263361312e+00 6.250000000000000000e+03 2.841000000000000000e+03
2.813504428574533200e+00 5.966000000000000000e+03 2.841000000000000000e+03
2.819787617885705089e+00 5.682000000000000000e+03 2.841000000000000000e+03
2.826070807196876977e+00 5.114000000000000000e+03 2.841000000000000000e+03
2.832353996508049310e+00 4.546000000000000000e+03 2.841000000000000000e+03
2.838637185819221198e+00 4.261000000000000000e+03 2.557000000000000000e+03
2.844920375130393531e+00 3.977000000000000000e+03 2.841000000000000000e+03
2.851203564441565419e+00 3.693000000000000000e+03 2.841000000000000000e+03
2.857486753752737307e+00 3.693000000000000000e+03 2.841000000000000000e+03
2.863769943063909196e+00 3.693000000000000000e+03 2.557000000000000000e+03
2.870053132375081528e+00 3.409000000000000000e+03 2.841000000000000000e+03
2.876336321686253417e+00 3.409000000000000000e+03 2.841000000000000000e+03
2.882619510997425305e+00 3.409000000000000000e+03 2.841000000000000000e+03
2.888902700308597638e+00 3.409000000000000000e+03 2.841000000000000000e+03
2.895185889619769526e+00 3.409000000000000000e+03 2.841000000000000000e+03
2.901469078930941414e+00 3.409000000000000000e+03 2.557000000000000000e+03
2.907752268242113303e+00 3.409000000000000000e+03 2.841000000000000000e+03
2.914035457553285635e+00 3.409000000000000000e+03 2.841000000000000000e+03
2.920318646864457524e+00 3.693000000000000000e+03 2.557000000000000000e+03
2.926601836175629412e+00 3.693000000000000000e+03 2.841000000000000000e+03
2.932885025486801744e+00 3.693000000000000000e+03 2.557000000000000000e+03
2.939168214797973633e+00 3.409000000000000000e+03 2.841000000000000000e+03
