1.025058507919311523e+00 5.680000000000000000e+02 2.557000000000000000e+03
1.031321491857971839e+00 5.680000000000000000e+02 2.557000000000000000e+03
1.037584475796632155e+00 5.680000000000000000e+02 2.557000000000000000e+03
1.043847459735292471e+00 5.680000000000000000e+02 2.557000000000000000e+03
1.050110443673952565e+00 5.680000000000000000e+02 2.557000000000000000e+03
1.056373427612612881e+00 5.680000000000000000e+02 2.557000000000000000e+03
1.062636411551273197e+00 5.680000000000000000e+02 2.557000000000000000e+03
1.068899395489933513e+00 5.680000000000000000e+02 2.557000000000000000e+03
1.075162379428593828e+00 5.680000000000000000e+02 2.557000000000000000e+03
1.081425363367254144e+00 5.680000000000000000e+02 2.557000000000000000e+03
1.087688347305914460e+00 5.680000000000000000e+02 2.557000000000000000e+03
1.093951331244574554e+00 8.520000000000000000e+02 2.557000000000000000e+03
1.100214315183234870e+00 2.840000000000000000e+02 2.557000000000000000e+03
1.106477299121895186e+00 2.840000000000000000e+02 2.557000000000000000e+03
1.112740283060555502e+00 5.680000000000000000e+02 2.557000000000000000e+03
1.119003266999215818e+00 5.680000000000000000e+02 2.557000000000000000e+03
1.125266250937876134e+00 5.680000000000000000e+02 2.557000000000000000e+03
1.131529234876536449e+00 2.840000000000000000e+02 2.557000000000000000e+03
1.137792218815196765e+00 2.840000000000000000e+02 2.557000000000000000e+03
1.144055202753856859e+00 5.680000000000000000e+02 2.557000000000000000e+03
1.150318186692517175e+00 5.680000000000000000e+02 2.557000000000000000e+03
1.156581170631177491e+00 5.680000000000000000e+02 2.557000000000000000e+03
1.162844154569837807e+00 5.680000000000000000e+02 2.557000000000000000e+03
1.169107138508498123e+00 5.680000000000000000e+02 2.557000000000000000e+03
1.175370122447158439e+00 5.680000000000000000e+02 2.557000000000000000e+03
1.181633106385818532e+00 5.680000000000000000e+02 2.557000000000000000e+03
1.187896090324478848e+00 5.680000000000000000e+02 2.557000000000000000e+03
1.194159074263139164e+00 5.680000000000000000e+02 2.557000000000000000e+03
1.200422058201799480e+00 5.680000000000000000e+02 2.557000000000000000e+03
1.206685042140459796e+00 5.680000000000000000e+02 2.557000000000000000e+03
1.212948026079120112e+00 5.680000000000000000e+02 2.557000000000000000e+03
1.219211010017780428e+00 5.680000000000000000e+02 2.557000000000000000e+03
1.225473993956440744e+00 5.680000000000000000e+02 2.557000000000000000e+03
1.231736977895100837e+00 5.680000000000000000e+02 2.557000000000000000e+03
1.237999961833761153e+00 5.680000000000000000e+02 2.557000000000000000e+03
1.244262945772421469e+00 5.680000000000000000e+02 2.557000000000000000e+03
1.250525929711081785e+00 8.530000000000000000e+02 2.557000000000000000e+03
1.256788913649742101e+00 8.530000000000000000e+02 2.557000000000000000e+03
1.263051897588402417e+00 8.530000000000000000e+02 2.557000000000000000e+03
1.269314881527062511e+00 5.680000000000000000e+02 2.557000000000000000e+03
1.275577865465722827e+00 5.680000000000000000e+02 2.557000000000000000e+03
1.281840849404383142e+00 8.530000000000000000e+02 2.557000000000000000e+03
1.288103833343043458e+00 8.530000000000000000e+02 2.557000000000000000e+03
1.294366817281703774e+00 5.680000000000000000e+02 2.557000000000000000e+03
1.300629801220364090e+00 8.530000000000000000e+02 2.841000000000000000e+03
1.306892785159024406e+00 8.530000000000000000e+02 2.557000000000000000e+03
1.313155769097684722e+00 1.137000000000000000e+03 2.557000000000000000e+03
1.319418753036345038e+00 5.680000000000000000e+02 2.557000000000000000e+03
1.325681736975005132e+00 1.137000000000000000e+03 2.557000000000000000e+03
1.331944720913665448e+00 8.520000000000000000e+02 2.557000000000000000e+03
1.338207704852325763e+00 8.520000000000000000e+02 2.557000000000000000e+03
1.344470688790986079e+00 8.520000000000000000e+02 2.557000000000000000e+03
1.350733672729646395e+00 8.520000000000000000e+02 2.557000000000000000e+03
1.356996656668306489e+00 8.520000000000000000e+02 2.557000000000000000e+03
1.363259640606966805e+00 8.520000000000000000e+02 2.557000000000000000e+03
1.369522624545627121e+00 8.520000000000000000e+02 2.557000000000000000e+03
1.375785608484287437e+00 8.520000000000000000e+02 2.557000000000000000e+03
1.382048592422947753e+00 8.520000000000000000e+02 2.557000000000000000e+03
1.388311576361608068e+00 8.520000000000000000e+02 2.841000000000000000e+03
1.394574560300268384e+00 8.520000000000000000e+02 2.557000000000000000e+03
1.400837544238928700e+00 8.520000000000000000e+02 2.557000000000000000e+03
1.407100528177589016e+00 8.520000000000000000e+02 2.557000000000000000e+03
1.413363512116249110e+00 8.520000000000000000e+02 2.557000000000000000e+03
1.419626496054909426e+00 1.421000000000000000e+03 2.557000000000000000e+03
1.425889479993569742e+00 1.137000000000000000e+03 2.557000000000000000e+03
1.432152463932230058e+00 1.137000000000000000e+03 2.557000000000000000e+03
1.438415447870890373e+00 1.137000000000000000e+03 2.557000000000000000e+03
1.444678431809550467e+00 1.137000000000000000e+03 2.557000000000000000e+03
1.450941415748210783e+00 8.530000000000000000e+02 2.557000000000000000e+03
1.457204399686871099e+00 1.137000000000000000e+03 2.557000000000000000e+03
1.463467383625531415e+00 1.137000000000000000e+03 2.273000000000000000e+03
1.469730367564191731e+00 1.137000000000000000e+03 2.557000000000000000e+03
1.475993351502852047e+00 1.137000000000000000e+03 2.841000000000000000e+03
1.482256335441512363e+00 1.137000000000000000e+03 2.841000000000000000e+03
1.488519319380172679e+00 1.421000000000000000e+03 2.841000000000000000e+03
1.494782303318832994e+00 1.137000000000000000e+03 2.557000000000000000e+03
1.501045287257493088e+00 1.137000000000000000e+03 2.557000000000000000e+03
1.507308271196153404e+00 8.530000000000000000e+02 2.557000000000000000e+03
1.513571255134813720e+00 1.137000000000000000e+03 2.557000000000000000e+03
1.519834239073474036e+00 8.530000000000000000e+02 2.557000000000000000e+03
1.526097223012134352e+00 1.137000000000000000e+03 2.557000000000000000e+03
1.532360206950794446e+00 1.137000000000000000e+03 2.557000000000000000e+03
1.538623190889454762e+00 1.137000000000000000e+03 2.557000000000000000e+03
1.544886174828115077e+00 1.137000000000000000e+03 2.557000000000000000e+03
1.551149158766775393e+00 8.520000000000000000e+02 2.273000000000000000e+03
1.557412142705435709e+00 8.520000000000000000e+02 2.841000000000000000e+03
1.563675126644096025e+00 8.520000000000000000e+02 2.557000000000000000e+03
1.569938110582756341e+00 8.520000000000000000e+02 2.557000000000000000e+03
1.576201094521416657e+00 8.520000000000000000e+02 2.557000000000000000e+03
1.582464078460076973e+00 8.520000000000000000e+02 2.557000000000000000e+03
1.588727062398737289e+00 8.520000000000000000e+02 2.557000000000000000e+03
1.594990046337397382e+00 8.520000000000000000e+02 2.557000000000000000e+03
1.601253030276057698e+00 1.136000000000000000e+03 2.557000000000000000e+03
1.607516014214718014e+00 8.520000000000000000e+02 2.841000000000000000e+03
1.613778998153378330e+00 8.520000000000000000e+02 2.841000000000000000e+03
1.620041982092038424e+00 8.520000000000000000e+02 2.557000000000000000e+03
1.626304966030698740e+00 8.520000000000000000e+02 2.557000000000000000e+03
1.632567949969359056e+00 1.136000000000000000e+03 2.841000000000000000e+03
1.638830933908019372e+00 8.520000000000000000e+02 2.557000000000000000e+03
1.645093917846679688e+00 8.520000000000000000e+02 2.557000000000000000e+03
1.666095256805419922e+00 8.520000000000000000e+02 2.557000000000000000e+03
1.672378443708323559e+00 5.680000000000000000e+02 2.841000000000000000e+03
1.678661630611226974e+00 8.520000000000000000e+02 2.557000000000000000e+03
1.684944817514130611e+00 8.520000000000000000e+02 2.841000000000000000e+03
1.691228004417034025e+00 8.520000000000000000e+02 2.841000000000000000e+03
1.697511191319937662e+00 8.520000000000000000e+02 2.841000000000000000e+03
1.703794378222841299e+00 1.136000000000000000e+03 2.841000000000000000e+03
1.710077565125744714e+00 1.136000000000000000e+03 2.557000000000000000e+03
1.716360752028648351e+00 1.421000000000000000e+03 2.841000000000000000e+03
1.722643938931551766e+00 1.421000000000000000e+03 2.557000000000000000e+03
1.728927125834455403e+00 1.705000000000000000e+03 2.557000000000000000e+03
1.735210312737359040e+00 1.705000000000000000e+03 2.557000000000000000e+03
1.741493499640262455e+00 1.989000000000000000e+03 2.557000000000000000e+03
1.747776686543166091e+00 2.273000000000000000e+03 2.557000000000000000e+03
1.754059873446069506e+00 2.557000000000000000e+03 2.841000000000000000e+03
1.760343060348973143e+00 3.410000000000000000e+03 2.557000000000000000e+03
1.766626247251876780e+00 3.410000000000000000e+03 2.841000000000000000e+03
1.772909434154780195e+00 3.978000000000000000e+03 2.557000000000000000e+03
1.779192621057683832e+00 4.262000000000000000e+03 2.557000000000000000e+03
1.785475807960587247e+00 4.546000000000000000e+03 2.557000000000000000e+03
1.791758994863490884e+00 5.114000000000000000e+03 2.557000000000000000e+03
1.798042181766394521e+00 5.682000000000000000e+03 2.557000000000000000e+03
1.804325368669297935e+00 5.682000000000000000e+03 2.557000000000000000e+03
1.810608555572201572e+00 6.250000000000000000e+03 2.557000000000000000e+03
1.816891742475104987e+00 6.250000000000000000e+03 2.557000000000000000e+03
1.823174929378008624e+00 6.535000000000000000e+03 2.557000000000000000e+03
1.829458116280912261e+00 6.535000000000000000e+03 2.557000000000000000e+03
1.835741303183815676e+00 6.819000000000000000e+03 2.841000000000000000e+03
1.842024490086719313e+00 7.103000000000000000e+03 2.557000000000000000e+03
1.848307676989622728e+00 7.103000000000000000e+03 2.557000000000000000e+03
1.854590863892526365e+00 7.103000000000000000e+03 2.557000000000000000e+03
1.860874050795430001e+00 7.387000000000000000e+03 2.557000000000000000e+03
1.867157237698333416e+00 7.103000000000000000e+03 2.841000000000000000e+03
1.873440424601237053e+00 7.103000000000000000e+03 2.841000000000000000e+03
1.879723611504140468e+00 6.819000000000000000e+03 2.841000000000000000e+03
1.886006798407044105e+00 7.103000000000000000e+03 2.557000000000000000e+03
1.892289985309947742e+00 6.534000000000000000e+03 2.557000000000000000e+03
1.898573172212851157e+00 6.250000000000000000e+03 2.557000000000000000e+03
1.904856359115754794e+00 6.250000000000000000e+03 2.557000000000000000e+03
1.911139546018658208e+00 5.398000000000000000e+03 2.557000000000000000e+03
1.917422732921561845e+00 5.114000000000000000e+03 2.557000000000000000e+03
1.923705919824465482e+00 4.546000000000000000e+03 2.557000000000000000e+03
1.929989106727368897e+00 4.262000000000000000e+03 2.557000000000000000e+03
1.936272293630272534e+00 4.262000000000000000e+03 2.841000000000000000e+03
1.942555480533175949e+00 3.978000000000000000e+03 2.557000000000000000e+03
1.948838667436079586e+00 3.978000000000000000e+03 2.557000000000000000e+03
1.955121854338983223e+00 3.693000000000000000e+03 2.557000000000000000e+03
1.961405041241886638e+00 3.693000000000000000e+03 2.557000000000000000e+03
1.967688228144790274e+00 3.693000000000000000e+03 2.557000000000000000e+03
1.973971415047693689e+00 3.693000000000000000e+03 2.557000000000000000e+03
1.980254601950597326e+00 3.693000000000000000e+03 2.841000000000000000e+03
1.986537788853500963e+00 3.409000000000000000e+03 2.557000000000000000e+03
1.992820975756404378e+00 3.409000000000000000e+03 2.557000000000000000e+03
1.999104162659308015e+00 3.409000000000000000e+03 2.557000000000000000e+03
2.005387349562211430e+00 3.409000000000000000e+03 2.557000000000000000e+03
2.011670536465115067e+00 3.125000000000000000e+03 2.557000000000000000e+03
2.017953723368018704e+00 3.409000000000000000e+03 2.557000000000000000e+03
2.024236910270921896e+00 3.125000000000000000e+03 2.557000000000000000e+03
2.030520097173825533e+00 3.125000000000000000e+03 2.557000000000000000e+03
2.036803284076729170e+00 2.557000000000000000e+03 2.557000000000000000e+03
2.043086470979632807e+00 2.841000000000000000e+03 2.557000000000000000e+03
2.049369657882536444e+00 2.841000000000000000e+03 2.557000000000000000e+03
2.055652844785440081e+00 2.841000000000000000e+03 2.841000000000000000e+03
2.061936031688343274e+00 2.557000000000000000e+03 2.557000000000000000e+03
2.068219218591246911e+00 2.557000000000000000e+03 2.557000000000000000e+03
2.074502405494150548e+00 2.557000000000000000e+03 2.557000000000000000e+03
2.080785592397054184e+00 2.557000000000000000e+03 2.841000000000000000e+03
2.087068779299957377e+00 2.557000000000000000e+03 2.841000000000000000e+03
2.093351966202861014e+00 2.557000000000000000e+03 2.841000000000000000e+03
2.099635153105764651e+00 2.557000000000000000e+03 2.557000000000000000e+03
2.105918340008668288e+00 2.273000000000000000e+03 2.557000000000000000e+03
2.112201526911571925e+00 2.273000000000000000e+03 2.557000000000000000e+03
2.118484713814475562e+00 2.273000000000000000e+03 2.557000000000000000e+03
2.124767900717378755e+00 1.989000000000000000e+03 2.557000000000000000e+03
2.131051087620282392e+00 1.989000000000000000e+03 2.841000000000000000e+03
2.137334274523186028e+00 1.989000000000000000e+03 2.557000000000000000e+03
2.143617461426089665e+00 1.989000000000000000e+03 2.557000000000000000e+03
2.149900648328992858e+00 1.989000000000000000e+03 2.557000000000000000e+03
2.156183835231896495e+00 1.989000000000000000e+03 2.841000000000000000e+03
2.162467022134800132e+00 1.989000000000000000e+03 2.841000000000000000e+03
2.168750209037703769e+00 1.989000000000000000e+03 2.557000000000000000e+03
2.175033395940607406e+00 1.989000000000000000e+03 2.557000000000000000e+03
2.181316582843511043e+00 1.989000000000000000e+03 2.841000000000000000e+03
2.187599769746414236e+00 1.989000000000000000e+03 2.557000000000000000e+03
2.193882956649317872e+00 1.989000000000000000e+03 2.273000000000000000e+03
2.200166143552221509e+00 1.989000000000000000e+03 2.557000000000000000e+03
2.206449330455125146e+00 1.989000000000000000e+03 2.557000000000000000e+03
2.212732517358028339e+00 2.273000000000000000e+03 2.557000000000000000e+03
2.219015704260931976e+00 2.273000000000000000e+03 2.557000000000000000e+03
2.225298891163835613e+00 2.841000000000000000e+03 2.557000000000000000e+03
2.231582078066739250e+00 3.410000000000000000e+03 2.557000000000000000e+03
2.237865264969642887e+00 3.978000000000000000e+03 2.557000000000000000e+03
2.244148451872546524e+00 4.546000000000000000e+03 2.557000000000000000e+03
2.250431638775449716e+00 5.398000000000000000e+03 2.557000000000000000e+03
2.256714825678353353e+00 6.250000000000000000e+03 2.557000000000000000e+03
2.262998012581256990e+00 6.251000000000000000e+03 2.841000000000000000e+03
2.269281199484160627e+00 7.103000000000000000e+03 2.841000000000000000e+03
2.275564386387063820e+00 7.387000000000000000e+03 2.557000000000000000e+03
2.281847573289967457e+00 7.671000000000000000e+03 2.841000000000000000e+03
2.288130760192871094e+00 8.239000000000000000e+03 2.841000000000000000e+03
2.310132026672363281e+00 1.022800000000000000e+04 2.557000000000000000e+03
2.316395010611023597e+00 1.051200000000000000e+04 2.557000000000000000e+03
2.322657994549683913e+00 1.051200000000000000e+04 2.557000000000000000e+03
2.328920978488344229e+00 1.079600000000000000e+04 2.557000000000000000e+03
2.335183962427004545e+00 1.079600000000000000e+04 2.557000000000000000e+03
2.341446946365664861e+00 1.079600000000000000e+04 2.557000000000000000e+03
2.347709930304325177e+00 1.108000000000000000e+04 2.841000000000000000e+03
2.353972914242985048e+00 1.108000000000000000e+04 2.841000000000000000e+03
2.360235898181645364e+00 1.108000000000000000e+04 2.841000000000000000e+03
2.366498882120305680e+00 1.079600000000000000e+04 2.557000000000000000e+03
2.372761866058965996e+00 1.079600000000000000e+04 2.841000000000000000e+03
2.379024849997626312e+00 1.108000000000000000e+04 2.557000000000000000e+03
2.385287833936286628e+00 1.079600000000000000e+04 2.557000000000000000e+03
2.391550817874946944e+00 1.079600000000000000e+04 2.841000000000000000e+03
2.397813801813607260e+00 1.079600000000000000e+04 2.557000000000000000e+03
2.404076785752267575e+00 1.051200000000000000e+04 2.557000000000000000e+03
2.410339769690927891e+00 1.051200000000000000e+04 2.557000000000000000e+03
2.416602753629588207e+00 1.022800000000000000e+04 2.557000000000000000e+03
2.422865737568248523e+00 1.022800000000000000e+04 2.557000000000000000e+03
2.429128721506908839e+00 9.944000000000000000e+03 2.557000000000000000e+03
2.435391705445569155e+00 9.659000000000000000e+03 2.557000000000000000e+03
2.441654689384229471e+00 9.375000000000000000e+03 2.557000000000000000e+03
2.447917673322889343e+00 9.091000000000000000e+03 2.557000000000000000e+03
2.454180657261549658e+00 8.523000000000000000e+03 2.557000000000000000e+03
2.460443641200209974e+00 8.523000000000000000e+03 2.841000000000000000e+03
2.466706625138870290e+00 7.955000000000000000e+03 2.841000000000000000e+03
2.472969609077530606e+00 7.671000000000000000e+03 2.557000000000000000e+03
2.479232593016190922e+00 7.103000000000000000e+03 2.841000000000000000e+03
2.485495576954851238e+00 6.534000000000000000e+03 2.557000000000000000e+03
2.491758560893511554e+00 5.966000000000000000e+03 2.557000000000000000e+03
2.498021544832171870e+00 5.398000000000000000e+03 2.557000000000000000e+03
2.504284528770832186e+00 4.830000000000000000e+03 2.557000000000000000e+03
2.510547512709492501e+00 4.546000000000000000e+03 2.841000000000000000e+03
2.516810496648152817e+00 4.262000000000000000e+03 2.557000000000000000e+03
2.523073480586813133e+00 4.262000000000000000e+03 2.557000000000000000e+03
2.529336464525473449e+00 3.977000000000000000e+03 2.557000000000000000e+03
2.535599448464133765e+00 3.693000000000000000e+03 2.557000000000000000e+03
2.541862432402793637e+00 3.977000000000000000e+03 2.557000000000000000e+03
2.548125416341453953e+00 3.977000000000000000e+03 2.557000000000000000e+03
2.554388400280114269e+00 3.977000000000000000e+03 2.557000000000000000e+03
2.560651384218774584e+00 3.693000000000000000e+03 2.557000000000000000e+03
2.566914368157434900e+00 3.693000000000000000e+03 2.841000000000000000e+03
2.573177352096095216e+00 3.977000000000000000e+03 2.841000000000000000e+03
2.579440336034755532e+00 3.693000000000000000e+03 2.557000000000000000e+03
2.585703319973415848e+00 3.693000000000000000e+03 2.557000000000000000e+03
2.591966303912076164e+00 3.693000000000000000e+03 2.557000000000000000e+03
2.598229287850736480e+00 3.693000000000000000e+03 2.557000000000000000e+03
2.604492271789396796e+00 3.693000000000000000e+03 2.557000000000000000e+03
2.610755255728057111e+00 3.693000000000000000e+03 2.557000000000000000e+03
2.617018239666717427e+00 3.693000000000000000e+03 2.557000000000000000e+03
2.623281223605377299e+00 3.693000000000000000e+03 2.557000000000000000e+03
2.629544207544037615e+00 3.693000000000000000e+03 2.557000000000000000e+03
2.635807191482697931e+00 3.978000000000000000e+03 2.557000000000000000e+03
2.642070175421358247e+00 3.694000000000000000e+03 2.557000000000000000e+03
2.648333159360018563e+00 3.409000000000000000e+03 2.557000000000000000e+03
2.654596143298678879e+00 3.409000000000000000e+03 2.557000000000000000e+03
2.660859127237339194e+00 3.409000000000000000e+03 2.557000000000000000e+03
2.667122111175999510e+00 3.409000000000000000e+03 2.557000000000000000e+03
2.673385095114659826e+00 3.125000000000000000e+03 2.841000000000000000e+03
2.679648079053320142e+00 3.125000000000000000e+03 2.557000000000000000e+03
2.685911062991980458e+00 2.841000000000000000e+03 2.557000000000000000e+03
2.692174046930640774e+00 2.841000000000000000e+03 2.557000000000000000e+03
2.698437030869301090e+00 2.841000000000000000e+03 2.557000000000000000e+03
2.704700014807961406e+00 2.273000000000000000e+03 2.557000000000000000e+03
2.710962998746621722e+00 2.273000000000000000e+03 2.557000000000000000e+03
2.717225982685281593e+00 2.273000000000000000e+03 2.557000000000000000e+03
2.723488966623941909e+00 2.273000000000000000e+03 2.841000000000000000e+03
2.729751950562602225e+00 1.989000000000000000e+03 2.557000000000000000e+03
2.736014934501262541e+00 1.989000000000000000e+03 2.841000000000000000e+03
2.742277918439922857e+00 1.989000000000000000e+03 2.841000000000000000e+03
2.748540902378583173e+00 1.989000000000000000e+03 2.841000000000000000e+03
2.754803886317243489e+00 1.989000000000000000e+03 2.557000000000000000e+03
2.761066870255903805e+00 1.989000000000000000e+03 2.557000000000000000e+03
2.767329854194564120e+00 1.989000000000000000e+03 2.557000000000000000e+03
2.773592838133224436e+00 1.989000000000000000e+03 2.841000000000000000e+03
2.779855822071884752e+00 1.705000000000000000e+03 2.557000000000000000e+03
2.786118806010545068e+00 1.989000000000000000e+03 2.557000000000000000e+03
2.792381789949205384e+00 1.989000000000000000e+03 2.841000000000000000e+03
2.798644773887865256e+00 1.989000000000000000e+03 2.557000000000000000e+03
2.804907757826526016e+00 1.989000000000000000e+03 2.557000000000000000e+03
2.811170741765185888e+00 1.989000000000000000e+03 2.557000000000000000e+03
2.817433725703846203e+00 1.989000000000000000e+03 2.841000000000000000e+03
2.823696709642506519e+00 1.989000000000000000e+03 2.557000000000000000e+03
2.829959693581166835e+00 2.273000000000000000e+03 2.557000000000000000e+03
2.836222677519827151e+00 2.557000000000000000e+03 2.557000000000000000e+03
2.842485661458487467e+00 3.125000000000000000e+03 2.841000000000000000e+03
2.848748645397147783e+00 3.694000000000000000e+03 2.557000000000000000e+03
2.855011629335808099e+00 4.262000000000000000e+03 2.557000000000000000e+03
2.861274613274468415e+00 5.114000000000000000e+03 2.557000000000000000e+03
2.867537597213128731e+00 5.114000000000000000e+03 2.557000000000000000e+03
2.873800581151789046e+00 5.966000000000000000e+03 2.557000000000000000e+03
2.880063565090448918e+00 6.250000000000000000e+03 2.557000000000000000e+03
2.886326549029109678e+00 6.535000000000000000e+03 2.557000000000000000e+03
2.892589532967769550e+00 7.103000000000000000e+03 2.841000000000000000e+03
2.898852516906430310e+00 7.387000000000000000e+03 2.841000000000000000e+03
2.905115500845090182e+00 7.671000000000000000e+03 2.557000000000000000e+03
2.911378484783750498e+00 7.955000000000000000e+03 2.557000000000000000e+03
2.917641468722410814e+00 8.239000000000000000e+03 2.841000000000000000e+03
2.923904452661071129e+00 8.807000000000000000e+03 2.557000000000000000e+03
2.930167436599731445e+00 9.091000000000000000e+03 2.557000000000000000e+03
