1.029058694839477539e+00 5.680000000000000000e+02 2.273000000000000000e+03
1.035321678778137855e+00 2.840000000000000000e+02 2.557000000000000000e+03
1.041584662716798171e+00 2.840000000000000000e+02 2.273000000000000000e+03
1.047847646655458487e+00 5.680000000000000000e+02 1.989000000000000000e+03
1.054110630594118581e+00 8.520000000000000000e+02 1.989000000000000000e+03
1.060373614532778896e+00 5.680000000000000000e+02 2.273000000000000000e+03
1.066636598471439212e+00 5.680000000000000000e+02 2.273000000000000000e+03
1.072899582410099528e+00 5.680000000000000000e+02 2.557000000000000000e+03
1.079162566348759844e+00 5.680000000000000000e+02 1.989000000000000000e+03
1.085425550287420160e+00 5.680000000000000000e+02 1.989000000000000000e+03
1.091688534226080476e+00 5.680000000000000000e+02 1.989000000000000000e+03
1.097951518164740570e+00 5.680000000000000000e+02 2.273000000000000000e+03
1.104214502103400886e+00 5.680000000000000000e+02 1.989000000000000000e+03
1.110477486042061201e+00 2.840000000000000000e+02 1.989000000000000000e+03
1.116740469980721517e+00 5.680000000000000000e+02 2.273000000000000000e+03
1.123003453919381833e+00 5.680000000000000000e+02 2.273000000000000000e+03
1.129266437858042149e+00 5.680000000000000000e+02 2.273000000000000000e+03
1.135529421796702465e+00 5.680000000000000000e+02 2.273000000000000000e+03
1.141792405735362781e+00 5.680000000000000000e+02 1.989000000000000000e+03
1.148055389674022875e+00 2.840000000000000000e+02 2.273000000000000000e+03
1.154318373612683191e+00 2.840000000000000000e+02 1.989000000000000000e+03
1.160581357551343507e+00 5.680000000000000000e+02 2.273000000000000000e+03
1.166844341490003822e+00 5.680000000000000000e+02 2.273000000000000000e+03
1.173107325428664138e+00 5.680000000000000000e+02 2.273000000000000000e+03
1.179370309367324454e+00 5.680000000000000000e+02 2.273000000000000000e+03
1.185633293305984548e+00 5.680000000000000000e+02 1.989000000000000000e+03
1.191896277244644864e+00 5.680000000000000000e+02 2.273000000000000000e+03
1.198159261183305180e+00 2.840000000000000000e+02 2.273000000000000000e+03
1.204422245121965496e+00 2.840000000000000000e+02 2.273000000000000000e+03
1.210685229060625812e+00 5.680000000000000000e+02 1.989000000000000000e+03
1.216948212999286127e+00 5.680000000000000000e+02 2.273000000000000000e+03
1.223211196937946443e+00 5.680000000000000000e+02 1.989000000000000000e+03
1.229474180876606759e+00 5.680000000000000000e+02 1.989000000000000000e+03
1.235737164815266853e+00 5.680000000000000000e+02 2.557000000000000000e+03
1.242000148753927169e+00 5.680000000000000000e+02 2.273000000000000000e+03
1.248263132692587485e+00 5.680000000000000000e+02 2.273000000000000000e+03
1.254526116631247801e+00 5.680000000000000000e+02 2.557000000000000000e+03
1.260789100569908117e+00 5.680000000000000000e+02 1.989000000000000000e+03
1.267052084508568432e+00 5.680000000000000000e+02 1.989000000000000000e+03
1.273315068447228526e+00 5.680000000000000000e+02 2.273000000000000000e+03
1.279578052385888842e+00 5.680000000000000000e+02 2.273000000000000000e+03
1.285841036324549158e+00 5.680000000000000000e+02 1.989000000000000000e+03
1.292104020263209474e+00 5.680000000000000000e+02 2.273000000000000000e+03
1.298367004201869790e+00 5.680000000000000000e+02 2.273000000000000000e+03
1.304629988140530106e+00 5.680000000000000000e+02 2.273000000000000000e+03
1.310892972079190422e+00 5.680000000000000000e+02 2.557000000000000000e+03
1.317155956017850738e+00 5.680000000000000000e+02 1.989000000000000000e+03
1.323418939956511053e+00 2.840000000000000000e+02 2.273000000000000000e+03
1.329681923895171147e+00 5.680000000000000000e+02 2.273000000000000000e+03
1.335944907833831463e+00 5.680000000000000000e+02 2.273000000000000000e+03
1.342207891772491779e+00 8.520000000000000000e+02 1.989000000000000000e+03
1.348470875711152095e+00 5.680000000000000000e+02 1.989000000000000000e+03
1.354733859649812411e+00 5.680000000000000000e+02 2.273000000000000000e+03
1.360996843588472505e+00 5.680000000000000000e+02 2.273000000000000000e+03
1.367259827527132821e+00 5.680000000000000000e+02 2.273000000000000000e+03
1.373522811465793136e+00 5.680000000000000000e+02 2.273000000000000000e+03
1.379785795404453452e+00 5.680000000000000000e+02 2.273000000000000000e+03
1.386048779343113768e+00 5.680000000000000000e+02 2.273000000000000000e+03
1.392311763281774084e+00 5.680000000000000000e+02 2.273000000000000000e+03
1.398574747220434400e+00 5.680000000000000000e+02 2.273000000000000000e+03
1.404837731159094716e+00 5.680000000000000000e+02 2.273000000000000000e+03
1.411100715097755032e+00 2.840000000000000000e+02 1.989000000000000000e+03
1.417363699036415126e+00 5.680000000000000000e+02 2.273000000000000000e+03
1.423626682975075441e+00 5.680000000000000000e+02 2.557000000000000000e+03
1.429889666913735757e+00 5.680000000000000000e+02 2.273000000000000000e+03
1.436152650852396073e+00 5.680000000000000000e+02 1.989000000000000000e+03
1.442415634791056389e+00 2.840000000000000000e+02 2.273000000000000000e+03
1.448678618729716483e+00 8.520000000000000000e+02 2.557000000000000000e+03
1.454941602668376799e+00 5.680000000000000000e+02 2.273000000000000000e+03
1.461204586607037115e+00 5.680000000000000000e+02 2.273000000000000000e+03
1.467467570545697431e+00 5.680000000000000000e+02 2.273000000000000000e+03
1.473730554484357747e+00 8.520000000000000000e+02 2.273000000000000000e+03
1.479993538423018062e+00 2.840000000000000000e+02 2.273000000000000000e+03
1.486256522361678378e+00 2.840000000000000000e+02 2.273000000000000000e+03
1.492519506300338694e+00 5.680000000000000000e+02 1.989000000000000000e+03
1.498782490238999010e+00 5.680000000000000000e+02 2.273000000000000000e+03
1.505045474177659104e+00 5.680000000000000000e+02 2.557000000000000000e+03
1.511308458116319420e+00 5.680000000000000000e+02 2.273000000000000000e+03
1.517571442054979736e+00 2.840000000000000000e+02 2.273000000000000000e+03
1.523834425993640052e+00 2.840000000000000000e+02 2.273000000000000000e+03
1.530097409932300367e+00 5.680000000000000000e+02 1.989000000000000000e+03
1.536360393870960461e+00 5.680000000000000000e+02 2.273000000000000000e+03
1.542623377809620777e+00 2.840000000000000000e+02 2.273000000000000000e+03
1.548886361748281093e+00 5.680000000000000000e+02 2.273000000000000000e+03
1.555149345686941409e+00 5.680000000000000000e+02 2.273000000000000000e+03
1.561412329625601725e+00 5.680000000000000000e+02 2.273000000000000000e+03
1.567675313564262041e+00 5.680000000000000000e+02 2.273000000000000000e+03
1.573938297502922357e+00 5.680000000000000000e+02 2.273000000000000000e+03
1.580201281441582672e+00 5.680000000000000000e+02 2.273000000000000000e+03
1.586464265380242988e+00 2.840000000000000000e+02 2.273000000000000000e+03
1.592727249318903304e+00 5.680000000000000000e+02 2.273000000000000000e+03
1.598990233257563398e+00 5.680000000000000000e+02 2.273000000000000000e+03
1.605253217196223714e+00 5.680000000000000000e+02 1.989000000000000000e+03
1.611516201134884030e+00 5.680000000000000000e+02 2.273000000000000000e+03
1.617779185073544346e+00 5.680000000000000000e+02 2.273000000000000000e+03
1.624042169012204440e+00 5.680000000000000000e+02 2.273000000000000000e+03
1.630305152950864755e+00 5.680000000000000000e+02 2.273000000000000000e+03
1.636568136889525071e+00 5.680000000000000000e+02 2.273000000000000000e+03
1.642831120828185387e+00 5.680000000000000000e+02 2.273000000000000000e+03
1.649094104766845703e+00 5.680000000000000000e+02 2.273000000000000000e+03
1.670095205307006836e+00 5.680000000000000000e+02 1.989000000000000000e+03
1.676388494896166259e+00 5.680000000000000000e+02 2.273000000000000000e+03
1.682681784485325682e+00 5.680000000000000000e+02 2.273000000000000000e+03
1.688975074074485105e+00 5.680000000000000000e+02 2.273000000000000000e+03
1.695268363663644529e+00 5.680000000000000000e+02 2.273000000000000000e+03
1.701561653252803952e+00 5.680000000000000000e+02 1.989000000000000000e+03
1.707854942841963375e+00 5.680000000000000000e+02 2.273000000000000000e+03
1.714148232431122798e+00 5.680000000000000000e+02 2.273000000000000000e+03
1.720441522020282221e+00 5.680000000000000000e+02 2.273000000000000000e+03
1.726734811609441644e+00 5.680000000000000000e+02 2.273000000000000000e+03
1.733028101198601068e+00 5.680000000000000000e+02 2.273000000000000000e+03
1.739321390787760491e+00 5.680000000000000000e+02 2.273000000000000000e+03
1.745614680376919914e+00 5.680000000000000000e+02 2.273000000000000000e+03
1.751907969966079337e+00 5.680000000000000000e+02 2.273000000000000000e+03
1.758201259555238760e+00 5.680000000000000000e+02 1.989000000000000000e+03
1.764494549144397961e+00 5.680000000000000000e+02 2.273000000000000000e+03
1.770787838733557606e+00 2.840000000000000000e+02 2.273000000000000000e+03
1.777081128322716808e+00 2.840000000000000000e+02 2.273000000000000000e+03
1.783374417911876231e+00 2.840000000000000000e+02 2.273000000000000000e+03
1.789667707501035654e+00 5.680000000000000000e+02 2.557000000000000000e+03
1.795960997090195077e+00 5.680000000000000000e+02 2.841000000000000000e+03
1.802254286679354500e+00 2.840000000000000000e+02 1.989000000000000000e+03
1.808547576268513923e+00 5.680000000000000000e+02 2.273000000000000000e+03
1.814840865857673347e+00 5.680000000000000000e+02 2.273000000000000000e+03
1.821134155446832770e+00 2.840000000000000000e+02 2.273000000000000000e+03
1.827427445035992193e+00 5.680000000000000000e+02 2.273000000000000000e+03
1.833720734625151616e+00 5.680000000000000000e+02 2.273000000000000000e+03
1.840014024214311039e+00 5.680000000000000000e+02 2.273000000000000000e+03
1.846307313803470462e+00 5.680000000000000000e+02 2.273000000000000000e+03
1.852600603392629885e+00 5.680000000000000000e+02 2.273000000000000000e+03
1.858893892981789309e+00 5.680000000000000000e+02 2.273000000000000000e+03
1.865187182570948732e+00 5.680000000000000000e+02 2.273000000000000000e+03
1.871480472160108155e+00 5.680000000000000000e+02 2.557000000000000000e+03
1.877773761749267578e+00 5.680000000000000000e+02 1.989000000000000000e+03
1.884067051338427001e+00 5.680000000000000000e+02 1.989000000000000000e+03
1.890360340927586424e+00 5.680000000000000000e+02 1.989000000000000000e+03
1.896653630516745848e+00 5.680000000000000000e+02 2.273000000000000000e+03
1.902946920105905271e+00 5.680000000000000000e+02 2.273000000000000000e+03
1.909240209695064694e+00 5.680000000000000000e+02 2.273000000000000000e+03
1.915533499284224117e+00 5.680000000000000000e+02 2.273000000000000000e+03
1.921826788873383540e+00 5.680000000000000000e+02 2.273000000000000000e+03
1.928120078462542963e+00 5.680000000000000000e+02 2.273000000000000000e+03
1.934413368051702387e+00 5.680000000000000000e+02 2.273000000000000000e+03
1.940706657640861810e+00 5.680000000000000000e+02 2.273000000000000000e+03
1.946999947230021011e+00 5.680000000000000000e+02 2.273000000000000000e+03
1.953293236819180656e+00 5.680000000000000000e+02 2.273000000000000000e+03
1.959586526408339857e+00 5.680000000000000000e+02 1.989000000000000000e+03
1.965879815997499502e+00 5.680000000000000000e+02 2.273000000000000000e+03
1.972173105586658703e+00 5.680000000000000000e+02 2.273000000000000000e+03
1.978466395175818349e+00 5.680000000000000000e+02 2.273000000000000000e+03
1.984759684764977550e+00 5.680000000000000000e+02 2.273000000000000000e+03
1.991052974354137195e+00 5.680000000000000000e+02 2.273000000000000000e+03
1.997346263943296396e+00 5.680000000000000000e+02 1.989000000000000000e+03
2.003639553532456041e+00 5.680000000000000000e+02 2.273000000000000000e+03
2.009932843121615242e+00 5.680000000000000000e+02 2.273000000000000000e+03
2.016226132710774888e+00 5.680000000000000000e+02 2.273000000000000000e+03
2.022519422299934089e+00 5.680000000000000000e+02 2.273000000000000000e+03
2.028812711889093734e+00 5.680000000000000000e+02 2.273000000000000000e+03
2.035106001478252935e+00 5.680000000000000000e+02 1.989000000000000000e+03
2.041399291067412580e+00 5.680000000000000000e+02 2.273000000000000000e+03
2.047692580656571781e+00 5.680000000000000000e+02 2.557000000000000000e+03
2.053985870245731427e+00 5.680000000000000000e+02 2.273000000000000000e+03
2.060279159834890628e+00 5.680000000000000000e+02 2.273000000000000000e+03
2.066572449424049829e+00 5.680000000000000000e+02 2.273000000000000000e+03
2.072865739013209474e+00 5.680000000000000000e+02 1.989000000000000000e+03
2.079159028602369119e+00 5.680000000000000000e+02 2.273000000000000000e+03
2.085452318191528320e+00 5.680000000000000000e+02 1.989000000000000000e+03
2.091745607780687521e+00 5.680000000000000000e+02 1.989000000000000000e+03
2.098038897369847167e+00 5.680000000000000000e+02 2.273000000000000000e+03
2.104332186959006368e+00 5.680000000000000000e+02 1.989000000000000000e+03
2.110625476548166013e+00 5.680000000000000000e+02 2.273000000000000000e+03
2.116918766137325214e+00 5.680000000000000000e+02 2.273000000000000000e+03
2.123212055726484859e+00 5.680000000000000000e+02 2.273000000000000000e+03
2.129505345315644060e+00 5.680000000000000000e+02 2.273000000000000000e+03
2.135798634904803706e+00 5.680000000000000000e+02 2.273000000000000000e+03
2.142091924493962907e+00 5.680000000000000000e+02 2.273000000000000000e+03
2.148385214083122552e+00 5.680000000000000000e+02 2.273000000000000000e+03
2.154678503672281753e+00 5.680000000000000000e+02 2.273000000000000000e+03
2.160971793261441398e+00 5.680000000000000000e+02 2.273000000000000000e+03
2.167265082850600599e+00 5.680000000000000000e+02 2.273000000000000000e+03
2.173558372439760245e+00 5.680000000000000000e+02 2.273000000000000000e+03
2.179851662028919446e+00 5.680000000000000000e+02 2.273000000000000000e+03
2.186144951618079091e+00 5.680000000000000000e+02 2.273000000000000000e+03
2.192438241207238292e+00 5.680000000000000000e+02 2.273000000000000000e+03
2.198731530796397937e+00 5.680000000000000000e+02 2.273000000000000000e+03
2.205024820385557138e+00 5.680000000000000000e+02 2.273000000000000000e+03
2.211318109974716783e+00 5.680000000000000000e+02 2.273000000000000000e+03
2.217611399563875985e+00 5.680000000000000000e+02 2.273000000000000000e+03
2.223904689153035186e+00 5.680000000000000000e+02 2.273000000000000000e+03
2.230197978742194831e+00 5.680000000000000000e+02 2.273000000000000000e+03
2.236491268331354476e+00 5.680000000000000000e+02 2.273000000000000000e+03
2.242784557920513677e+00 5.680000000000000000e+02 2.273000000000000000e+03
2.249077847509672878e+00 5.680000000000000000e+02 2.273000000000000000e+03
2.255371137098832524e+00 5.680000000000000000e+02 2.273000000000000000e+03
2.261664426687992169e+00 5.680000000000000000e+02 2.273000000000000000e+03
2.267957716277151370e+00 5.680000000000000000e+02 2.273000000000000000e+03
2.274251005866310571e+00 5.680000000000000000e+02 2.273000000000000000e+03
2.280544295455470216e+00 5.680000000000000000e+02 2.273000000000000000e+03
2.286837585044629861e+00 5.680000000000000000e+02 2.273000000000000000e+03
2.293130874633789062e+00 5.680000000000000000e+02 2.273000000000000000e+03
2.314132213592529297e+00 5.680000000000000000e+02 2.273000000000000000e+03
2.320415402903701185e+00 5.680000000000000000e+02 2.273000000000000000e+03
2.326698592214873518e+00 5.680000000000000000e+02 1.989000000000000000e+03
2.332981781526045406e+00 5.680000000000000000e+02 2.273000000000000000e+03
2.339264970837217295e+00 5.680000000000000000e+02 2.273000000000000000e+03
2.345548160148389627e+00 5.680000000000000000e+02 1.989000000000000000e+03
2.351831349459561515e+00 5.680000000000000000e+02 2.557000000000000000e+03
2.358114538770733404e+00 5.680000000000000000e+02 2.273000000000000000e+03
2.364397728081905292e+00 5.680000000000000000e+02 2.273000000000000000e+03
2.370680917393077625e+00 5.680000000000000000e+02 1.989000000000000000e+03
2.376964106704249513e+00 5.680000000000000000e+02 2.273000000000000000e+03
2.383247296015421401e+00 5.680000000000000000e+02 2.273000000000000000e+03
2.389530485326593734e+00 5.680000000000000000e+02 1.989000000000000000e+03
2.395813674637765622e+00 5.680000000000000000e+02 2.273000000000000000e+03
2.402096863948937511e+00 5.680000000000000000e+02 2.273000000000000000e+03
2.408380053260109843e+00 5.680000000000000000e+02 2.273000000000000000e+03
2.414663242571281732e+00 5.680000000000000000e+02 2.273000000000000000e+03
2.420946431882453620e+00 5.680000000000000000e+02 2.273000000000000000e+03
2.427229621193625508e+00 5.680000000000000000e+02 2.273000000000000000e+03
2.433512810504797841e+00 5.680000000000000000e+02 2.273000000000000000e+03
2.439795999815969729e+00 5.680000000000000000e+02 1.989000000000000000e+03
2.446079189127141618e+00 5.680000000000000000e+02 2.273000000000000000e+03
2.452362378438313950e+00 5.680000000000000000e+02 2.273000000000000000e+03
2.458645567749485839e+00 5.680000000000000000e+02 2.273000000000000000e+03
2.464928757060657727e+00 5.680000000000000000e+02 2.273000000000000000e+03
2.471211946371830059e+00 5.680000000000000000e+02 2.273000000000000000e+03
2.477495135683001948e+00 5.680000000000000000e+02 2.273000000000000000e+03
2.483778324994173836e+00 5.680000000000000000e+02 2.273000000000000000e+03
2.490061514305345725e+00 5.680000000000000000e+02 2.273000000000000000e+03
2.496344703616518057e+00 5.680000000000000000e+02 2.273000000000000000e+03
2.502627892927689945e+00 5.680000000000000000e+02 2.273000000000000000e+03
2.508911082238861834e+00 5.680000000000000000e+02 2.273000000000000000e+03
2.515194271550034166e+00 5.680000000000000000e+02 2.273000000000000000e+03
2.521477460861206055e+00 5.680000000000000000e+02 2.273000000000000000e+03
2.527760650172377943e+00 5.680000000000000000e+02 2.273000000000000000e+03
2.534043839483550276e+00 5.680000000000000000e+02 2.273000000000000000e+03
2.540327028794722164e+00 5.680000000000000000e+02 2.273000000000000000e+03
2.546610218105894052e+00 5.680000000000000000e+02 2.273000000000000000e+03
2.552893407417066385e+00 5.680000000000000000e+02 2.557000000000000000e+03
2.559176596728238273e+00 5.680000000000000000e+02 2.273000000000000000e+03
2.565459786039410162e+00 5.680000000000000000e+02 2.273000000000000000e+03
2.571742975350582050e+00 5.680000000000000000e+02 2.273000000000000000e+03
2.578026164661754382e+00 5.680000000000000000e+02 1.989000000000000000e+03
2.584309353972926271e+00 5.680000000000000000e+02 2.273000000000000000e+03
2.590592543284098159e+00 5.680000000000000000e+02 1.989000000000000000e+03
2.596875732595270492e+00 5.680000000000000000e+02 2.557000000000000000e+03
2.603158921906442380e+00 5.680000000000000000e+02 2.273000000000000000e+03
2.609442111217614269e+00 5.680000000000000000e+02 2.273000000000000000e+03
2.615725300528786157e+00 5.680000000000000000e+02 2.273000000000000000e+03
2.622008489839958489e+00 5.680000000000000000e+02 2.273000000000000000e+03
2.628291679151130378e+00 5.680000000000000000e+02 2.273000000000000000e+03
2.634574868462302710e+00 5.680000000000000000e+02 2.273000000000000000e+03
2.640858057773474599e+00 5.680000000000000000e+02 2.273000000000000000e+03
2.647141247084646487e+00 5.680000000000000000e+02 1.989000000000000000e+03
2.653424436395818375e+00 5.680000000000000000e+02 2.273000000000000000e+03
2.659707625706990708e+00 5.680000000000000000e+02 2.273000000000000000e+03
2.665990815018162596e+00 5.680000000000000000e+02 2.557000000000000000e+03
2.672274004329334485e+00 5.680000000000000000e+02 2.273000000000000000e+03
2.678557193640506817e+00 5.680000000000000000e+02 2.557000000000000000e+03
2.684840382951678706e+00 5.680000000000000000e+02 1.989000000000000000e+03
2.691123572262850594e+00 5.680000000000000000e+02 2.273000000000000000e+03
2.697406761574022482e+00 5.680000000000000000e+02 2.557000000000000000e+03
2.703689950885194815e+00 5.680000000000000000e+02 1.989000000000000000e+03
2.709973140196366703e+00 5.680000000000000000e+02 2.557000000000000000e+03
2.716256329507538592e+00 5.680000000000000000e+02 2.273000000000000000e+03
2.722539518818710924e+00 5.680000000000000000e+02 2.273000000000000000e+03
2.728822708129882812e+00 5.680000000000000000e+02 2.273000000000000000e+03
2.735105897441054701e+00 5.680000000000000000e+02 2.273000000000000000e+03
2.741389086752227033e+00 5.680000000000000000e+02 2.273000000000000000e+03
2.747672276063398922e+00 5.680000000000000000e+02 2.273000000000000000e+03
2.753955465374570810e+00 5.680000000000000000e+02 2.273000000000000000e+03
2.760238654685743143e+00 5.680000000000000000e+02 2.273000000000000000e+03
2.766521843996915031e+00 5.680000000000000000e+02 2.273000000000000000e+03
2.772805033308086919e+00 5.680000000000000000e+02 2.273000000000000000e+03
2.779088222619258808e+00 5.680000000000000000e+02 2.273000000000000000e+03
2.785371411930431140e+00 5.680000000000000000e+02 2.273000000000000000e+03
2.791654601241603029e+00 5.680000000000000000e+02 2.273000000000000000e+03
2.797937790552774917e+00 5.680000000000000000e+02 2.273000000000000000e+03
2.804220979863947250e+00 5.680000000000000000e+02 2.273000000000000000e+03
2.810504169175119138e+00 5.680000000000000000e+02 2.273000000000000000e+03
2.816787358486291026e+00 5.680000000000000000e+02 2.273000000000000000e+03
2.823070547797462915e+00 5.680000000000000000e+02 2.273000000000000000e+03
2.829353737108635247e+00 5.680000000000000000e+02 2.273000000000000000e+03
2.835636926419807136e+00 5.680000000000000000e+02 2.273000000000000000e+03
2.841920115730979468e+00 5.680000000000000000e+02 2.273000000000000000e+03
2.848203305042151356e+00 5.680000000000000000e+02 2.273000000000000000e+03
2.854486494353323245e+00 5.680000000000000000e+02 2.273000000000000000e+03
2.860769683664495133e+00 5.680000000000000000e+02 2.273000000000000000e+03
2.867052872975667466e+00 5.680000000000000000e+02 2.273000000000000000e+03
2.873336062286839354e+00 5.680000000000000000e+02 2.273000000000000000e+03
2.879619251598011243e+00 5.680000000000000000e+02 2.273000000000000000e+03
2.885902440909183575e+00 5.680000000000000000e+02 2.273000000000000000e+03
2.892185630220355463e+00 5.680000000000000000e+02 2.273000000000000000e+03
2.898468819531527352e+00 5.680000000000000000e+02 2.273000000000000000e+03
2.904752008842699240e+00 5.680000000000000000e+02 2.273000000000000000e+03
2.911035198153871573e+00 5.680000000000000000e+02 1.989000000000000000e+03
2.917318387465043461e+00 5.680000000000000000e+02 2.273000000000000000e+03
2.923601576776215349e+00 5.680000000000000000e+02 2.273000000000000000e+03
2.929884766087387682e+00 5.680000000000000000e+02 2.273000000000000000e+03
2.936167955398559570e+00 5.680000000000000000e+02 2.273000000000000000e+03
