1.522936824082405329e+09
1.522936825082462549e+09
1.522936825085462570e+09
1.522936826085519791e+09
1.522936826086519718e+09
1.522936827086577177e+09
1.522936827089577198e+09
1.522936828089634657e+09
1.522936828092634678e+09
1.522936829092691660e+09
1.522936829095691919e+09
1.522936830095749140e+09
1.522936830098749399e+09
1.522936831098806620e+09
1.522936831101806879e+09
1.522936832101863861e+09
1.522936832104863882e+09
1.522936833104921341e+09
1.522936833107921362e+09
1.522936834107978821e+09
1.522936834110978842e+09
1.522936835111036062e+09
1.522936835114036322e+09
1.522936836114093304e+09
1.522936836117093563e+09
1.522936837117150784e+09
1.522936837120151043e+09
1.522936838120208025e+09
1.522936838123208523e+09
1.522936839123265505e+09
1.522936839126265526e+09
1.522936840126322985e+09
1.522936840129323006e+09
1.522936841129380465e+09
1.522936841132380486e+09
1.522936842132437706e+09
1.522936842135437727e+09
1.522936843135494947e+09
1.522936843138495207e+09
1.522936844138552427e+09
1.522936844141552687e+09
1.522936845141609669e+09
1.522936845144610167e+09
1.522936846144667149e+09
1.522936846147667170e+09
1.522936847147724628e+09
1.522936847150724649e+09
1.522936848150781870e+09
1.522936848153782129e+09
1.522936849153839350e+09
1.522936849156839371e+09
1.522936850156896830e+09
1.522936850159896851e+09
1.522936851159953833e+09
1.522936851162954330e+09
1.522936852163011312e+09
1.522936852166011572e+09
1.522936853166068792e+09
1.522936853169068813e+09
1.522936854169126034e+09
1.522936854172126293e+09
1.522936855172183514e+09
1.522936855175183535e+09
1.522936856175240993e+09
1.522936856178241014e+09
1.522936857178298473e+09
1.522936857181298494e+09
1.522936858181355476e+09
1.522936858184355736e+09
1.522936859184412956e+09
1.522936859187413216e+09
1.522936860187470436e+09
1.522936860190470457e+09
1.522936861190527678e+09
1.522936861193527699e+09
1.522936862193585157e+09
1.522936862196585178e+09
1.522936863196642637e+09
1.522936863199642658e+09
1.522936864199699879e+09
