1.522858572791902781e+09 2.582700000000000000e+04 1.412000000000000000e+03
1.522858572792002916e+09 1.501700000000000000e+04 1.130000000000000000e+03
1.522858572792103291e+09 1.958300000000000000e+04 1.129000000000000000e+03
1.522858572792203426e+09 1.617700000000000000e+04 1.412000000000000000e+03
1.522858572792303562e+09 1.589300000000000000e+04 1.412000000000000000e+03
1.522858572792403698e+09 1.163600000000000000e+04 8.470000000000000000e+02
1.522858572792504072e+09 2.100100000000000000e+04 8.470000000000000000e+02
1.522858572792604208e+09 3.263800000000000000e+04 1.695000000000000000e+03
1.522858572792704344e+09 1.447300000000000000e+04 1.412000000000000000e+03
1.522858572792804480e+09 2.270500000000000000e+04 1.412000000000000000e+03
1.522858572792904854e+09 3.207100000000000000e+04 8.470000000000000000e+02
1.522858572793004990e+09 3.091100000000000000e+04 1.412000000000000000e+03
1.522858572793105125e+09 2.933500000000000000e+04 8.470000000000000000e+02
1.522858572793205500e+09 2.128500000000000000e+04 8.470000000000000000e+02
1.522858572793305635e+09 3.018600000000000000e+04 1.412000000000000000e+03
1.522858572793405771e+09 2.495100000000000000e+04 1.412000000000000000e+03
1.522858572793505907e+09 1.873100000000000000e+04 1.130000000000000000e+03
1.522858572793606281e+09 3.263800000000000000e+04 8.470000000000000000e+02
1.522858572793706417e+09 2.980000000000000000e+04 1.695000000000000000e+03
1.522858572793806553e+09 1.475800000000000000e+04 1.129000000000000000e+03
1.522858572793906689e+09 2.384000000000000000e+04 1.129000000000000000e+03
1.522858572794007063e+09 3.062700000000000000e+04 1.412000000000000000e+03
1.522858572794107199e+09 3.018600000000000000e+04 1.130000000000000000e+03
1.522858572794207335e+09 2.838100000000000000e+04 8.470000000000000000e+02
1.522858572794307470e+09 1.333900000000000000e+04 1.412000000000000000e+03
1.522858572794407845e+09 2.451000000000000000e+04 1.130000000000000000e+03
1.522858572794507980e+09 2.128500000000000000e+04 1.412000000000000000e+03
1.522858572794608116e+09 3.091000000000000000e+04 1.412000000000000000e+03
1.522858572794708490e+09 1.532500000000000000e+04 8.470000000000000000e+02
1.522858572794808626e+09 3.034300000000000000e+04 8.470000000000000000e+02
1.522858572794908762e+09 1.475800000000000000e+04 8.470000000000000000e+02
1.522858572795008898e+09 1.248700000000000000e+04 1.130000000000000000e+03
1.522858572795109272e+09 1.362200000000000000e+04 1.412000000000000000e+03
1.522858572795209408e+09 2.835600000000000000e+04 8.470000000000000000e+02
1.522858572795309544e+09 1.759600000000000000e+04 1.129000000000000000e+03
1.522858572795409679e+09 2.866500000000000000e+04 1.130000000000000000e+03
1.522858572795510054e+09 7.095000000000000000e+03 1.130000000000000000e+03
1.522858572795610189e+09 1.305500000000000000e+04 1.129000000000000000e+03
1.522858572795710325e+09 3.150300000000000000e+04 1.130000000000000000e+03
1.522858572795810699e+09 2.384000000000000000e+04 1.130000000000000000e+03
1.522858572795910835e+09 1.844700000000000000e+04 1.130000000000000000e+03
1.522858572796010971e+09 3.047000000000000000e+04 1.129000000000000000e+03
1.522858572796111107e+09 1.021600000000000000e+04 1.130000000000000000e+03
1.522858572796211481e+09 1.674400000000000000e+04 1.129000000000000000e+03
1.522858572796311617e+09 3.245700000000000000e+04 1.129000000000000000e+03
1.522858572796411753e+09 2.582700000000000000e+04 1.412000000000000000e+03
1.522858572796511889e+09 2.923300000000000000e+04 1.412000000000000000e+03
1.522858572796612263e+09 1.986600000000000000e+04 1.694000000000000000e+03
1.522858572796712399e+09 1.135200000000000000e+04 1.130000000000000000e+03
1.522858572796812534e+09 9.365000000000000000e+03 1.412000000000000000e+03
1.522858572796912909e+09 2.270500000000000000e+04 1.412000000000000000e+03
1.522858572797013044e+09 2.990200000000000000e+04 1.412000000000000000e+03
1.522858572797113180e+09 1.277100000000000000e+04 1.412000000000000000e+03
1.522858572797213316e+09 2.128600000000000000e+04 1.130000000000000000e+03
1.522858572797313690e+09 2.469100000000000000e+04 8.470000000000000000e+02
1.522858572797413826e+09 8.513000000000000000e+03 1.412000000000000000e+03
1.522858572797513962e+09 1.873100000000000000e+04 1.412000000000000000e+03
1.522858572797614098e+09 2.905100000000000000e+04 1.412000000000000000e+03
1.522858572797714472e+09 2.781300000000000000e+04 1.130000000000000000e+03
1.522858572797814608e+09 2.525900000000000000e+04 1.412000000000000000e+03
1.522858572797914743e+09 1.419000000000000000e+04 1.129000000000000000e+03
1.522858572798015118e+09 1.788000000000000000e+04 1.412000000000000000e+03
1.522858572798115253e+09 2.015100000000000000e+04 1.412000000000000000e+03
1.522858572798215389e+09 2.497500000000000000e+04 1.412000000000000000e+03
1.522858572798315525e+09 2.015100000000000000e+04 1.412000000000000000e+03
1.522858572798415899e+09 2.327200000000000000e+04 1.695000000000000000e+03
1.522858572798516035e+09 6.527000000000000000e+03 1.130000000000000000e+03
1.522858572798616171e+09 9.366000000000000000e+03 1.412000000000000000e+03
1.522858572798716307e+09 2.327200000000000000e+04 1.412000000000000000e+03
1.522858572798816681e+09 2.242000000000000000e+04 1.412000000000000000e+03
1.522858572798916817e+09 2.355600000000000000e+04 1.130000000000000000e+03
1.522858572799016953e+09 9.649000000000000000e+03 1.129000000000000000e+03
1.522858572799117088e+09 2.734800000000000000e+04 1.694000000000000000e+03
1.522858572799217463e+09 1.447400000000000000e+04 1.412000000000000000e+03
1.522858572799317598e+09 2.185300000000000000e+04 1.130000000000000000e+03
1.522858572799417734e+09 3.036800000000000000e+04 1.412000000000000000e+03
1.522858572799518108e+09 2.696200000000000000e+04 1.412000000000000000e+03
1.522858572799618244e+09 2.015100000000000000e+04 1.130000000000000000e+03
1.522858572799718380e+09 2.807300000000000000e+04 1.130000000000000000e+03
1.522858572799818516e+09 3.176200000000000000e+04 1.130000000000000000e+03
1.522858572799918890e+09 3.008300000000000000e+04 1.129000000000000000e+03
1.522858572800019026e+09 1.787900000000000000e+04 1.412000000000000000e+03
1.522858572800119162e+09 1.674500000000000000e+04 1.412000000000000000e+03
1.522858572800219297e+09 2.554300000000000000e+04 8.470000000000000000e+02
1.522858572800319672e+09 3.093500000000000000e+04 1.129000000000000000e+03
1.522858572800419807e+09 2.848300000000000000e+04 8.470000000000000000e+02
1.522858572800519943e+09 1.191900000000000000e+04 1.129000000000000000e+03
1.522858572800620317e+09 1.390600000000000000e+04 1.130000000000000000e+03
1.522858572800720453e+09 2.242100000000000000e+04 1.130000000000000000e+03
1.522858572800820589e+09 2.507800000000000000e+04 8.470000000000000000e+02
1.522858572800920725e+09 2.270500000000000000e+04 1.130000000000000000e+03
1.522858572801021099e+09 2.469200000000000000e+04 1.412000000000000000e+03
1.522858572801121235e+09 1.958300000000000000e+04 1.130000000000000000e+03
1.522858572801221371e+09 3.204600000000000000e+04 8.470000000000000000e+02
1.522858572801321507e+09 1.106800000000000000e+04 1.130000000000000000e+03
1.522858572801421881e+09 2.838100000000000000e+04 1.130000000000000000e+03
1.522858572801522017e+09 3.176300000000000000e+04 1.130000000000000000e+03
1.522858572801622152e+09 1.816300000000000000e+04 1.412000000000000000e+03
1.522858572801722527e+09 1.816400000000000000e+04 1.412000000000000000e+03
1.522858572801822662e+09 1.135200000000000000e+04 1.412000000000000000e+03
1.522858572801922798e+09 2.525900000000000000e+04 8.470000000000000000e+02
1.522858572802022934e+09 2.977600000000000000e+04 1.129000000000000000e+03
1.522858572802123308e+09 2.838100000000000000e+04 1.412000000000000000e+03
1.522858572802223444e+09 1.702800000000000000e+04 1.130000000000000000e+03
1.522858572802323580e+09 7.663000000000000000e+03 8.470000000000000000e+02
1.522858572802423716e+09 1.447400000000000000e+04 1.694000000000000000e+03
1.522858572802524090e+09 3.119500000000000000e+04 8.470000000000000000e+02
1.522858572802624226e+09 1.901500000000000000e+04 1.130000000000000000e+03
1.522858572802724361e+09 1.419000000000000000e+04 8.470000000000000000e+02
1.522858572802824497e+09 2.440800000000000000e+04 8.470000000000000000e+02
1.522858572802924871e+09 3.036800000000000000e+04 1.412000000000000000e+03
1.522858572803025007e+09 7.379000000000000000e+03 8.470000000000000000e+02
1.522858572803125143e+09 3.178600000000000000e+04 8.470000000000000000e+02
1.522858572803225517e+09 8.229000000000000000e+03 8.470000000000000000e+02
1.522858572803325653e+09 9.933000000000000000e+03 1.695000000000000000e+03
1.522858572803425789e+09 1.021700000000000000e+04 8.470000000000000000e+02
1.522858572803525925e+09 3.036700000000000000e+04 8.470000000000000000e+02
1.522858572803626299e+09 3.093600000000000000e+04 1.130000000000000000e+03
1.522858572803726435e+09 2.990200000000000000e+04 1.412000000000000000e+03
1.522858572803826571e+09 3.034300000000000000e+04 8.470000000000000000e+02
1.522858572803926706e+09 3.018600000000000000e+04 1.412000000000000000e+03
1.522858572804027081e+09 2.781300000000000000e+04 1.130000000000000000e+03
1.522858572804127216e+09 2.440700000000000000e+04 1.412000000000000000e+03
1.522858572804227352e+09 2.706400000000000000e+04 8.470000000000000000e+02
1.522858572804327726e+09 2.469200000000000000e+04 8.470000000000000000e+02
1.522858572804427862e+09 1.844800000000000000e+04 1.412000000000000000e+03
1.522858572804527998e+09 2.100100000000000000e+04 1.412000000000000000e+03
1.522858572804628134e+09 1.674500000000000000e+04 1.130000000000000000e+03
1.522858572804728508e+09 1.163600000000000000e+04 8.470000000000000000e+02
1.522858572804828644e+09 2.185300000000000000e+04 1.412000000000000000e+03
1.522858572804928780e+09 2.440800000000000000e+04 1.412000000000000000e+03
1.522858572805028915e+09 1.816300000000000000e+04 1.130000000000000000e+03
1.522858572805129290e+09 2.469100000000000000e+04 1.129000000000000000e+03
1.522858572805229425e+09 3.233000000000000000e+04 1.130000000000000000e+03
1.522858572805329561e+09 9.081000000000000000e+03 8.470000000000000000e+02
1.522858572805429935e+09 1.220400000000000000e+04 8.470000000000000000e+02
1.522858572805530071e+09 2.298800000000000000e+04 1.695000000000000000e+03
1.522858572805630207e+09 3.147800000000000000e+04 1.130000000000000000e+03
1.522858572805730343e+09 1.958300000000000000e+04 1.130000000000000000e+03
1.522858572805830717e+09 1.504200000000000000e+04 1.129000000000000000e+03
1.522858572805930853e+09 7.946000000000000000e+03 1.129000000000000000e+03
1.522858572806030989e+09 1.873100000000000000e+04 1.695000000000000000e+03
1.522858572806131124e+09 2.951600000000000000e+04 1.129000000000000000e+03
1.522858572806231499e+09 5.391000000000000000e+03 1.129000000000000000e+03
1.522858572806331635e+09 3.178700000000000000e+04 1.412000000000000000e+03
1.522858572806431770e+09 3.132200000000000000e+04 1.129000000000000000e+03
1.522858572806531906e+09 1.333900000000000000e+04 8.470000000000000000e+02
1.522858572806632280e+09 2.696200000000000000e+04 1.130000000000000000e+03
1.522858572806732416e+09 1.277100000000000000e+04 1.129000000000000000e+03
1.522858572806832552e+09 7.946000000000000000e+03 8.470000000000000000e+02
1.522858572806932926e+09 1.078400000000000000e+04 1.130000000000000000e+03
1.522858572807033062e+09 1.163600000000000000e+04 1.695000000000000000e+03
1.522858572807133198e+09 2.100200000000000000e+04 1.130000000000000000e+03
1.522858572807233334e+09 8.514000000000000000e+03 1.412000000000000000e+03
1.522858572807333708e+09 3.103800000000000000e+04 1.130000000000000000e+03
1.522858572807433844e+09 3.091100000000000000e+04 1.412000000000000000e+03
1.522858572807533979e+09 1.674400000000000000e+04 1.412000000000000000e+03
1.522858572807634115e+09 3.207100000000000000e+04 1.694000000000000000e+03
1.522858572807734489e+09 9.933000000000000000e+03 1.412000000000000000e+03
1.522858572807834625e+09 2.412400000000000000e+04 1.130000000000000000e+03
1.522858572807934761e+09 3.150300000000000000e+04 8.470000000000000000e+02
1.522858572808035135e+09 6.811000000000000000e+03 1.129000000000000000e+03
1.522858572808135271e+09 2.835700000000000000e+04 8.470000000000000000e+02
1.522858572808235407e+09 1.277100000000000000e+04 1.129000000000000000e+03
1.522858572808335543e+09 2.069300000000000000e+04 8.470000000000000000e+02
1.522858572808435917e+09 3.008400000000000000e+04 8.470000000000000000e+02
1.522858572808536053e+09 2.951600000000000000e+04 1.412000000000000000e+03
1.522858572808636189e+09 2.167200000000000000e+04 1.695000000000000000e+03
1.522858572808736324e+09 2.043400000000000000e+04 1.129000000000000000e+03
1.522858572808836699e+09 1.674400000000000000e+04 1.412000000000000000e+03
1.522858572808936834e+09 2.980000000000000000e+04 1.129000000000000000e+03
1.522858572809036970e+09 1.617700000000000000e+04 1.130000000000000000e+03
1.522858572809137344e+09 3.147900000000000000e+04 1.130000000000000000e+03
1.522858572809237480e+09 3.204700000000000000e+04 1.695000000000000000e+03
1.522858572809337616e+09 1.135200000000000000e+04 8.470000000000000000e+02
1.522858572809437752e+09 1.277100000000000000e+04 1.694000000000000000e+03
1.522858572809538126e+09 3.008400000000000000e+04 1.694000000000000000e+03
1.522858572809638262e+09 2.781400000000000000e+04 1.130000000000000000e+03
1.522858572809738398e+09 1.419000000000000000e+04 1.130000000000000000e+03
1.522858572809838533e+09 1.560900000000000000e+04 8.470000000000000000e+02
1.522858572809938908e+09 1.674400000000000000e+04 1.130000000000000000e+03
1.522858572810039043e+09 1.617700000000000000e+04 1.412000000000000000e+03
1.522858572810139179e+09 2.280700000000000000e+04 1.130000000000000000e+03
1.522858572810239553e+09 1.050000000000000000e+04 8.470000000000000000e+02
1.522858572810339689e+09 2.469100000000000000e+04 1.412000000000000000e+03
1.522858572810439825e+09 2.820000000000000000e+04 1.695000000000000000e+03
1.522858572810539961e+09 7.378000000000000000e+03 1.129000000000000000e+03
1.522858572810640335e+09 3.233000000000000000e+04 1.129000000000000000e+03
1.522858572810740471e+09 6.243000000000000000e+03 1.130000000000000000e+03
1.522858572810840607e+09 2.990200000000000000e+04 1.412000000000000000e+03
1.522858572810940742e+09 2.667800000000000000e+04 1.129000000000000000e+03
1.522858572811041117e+09 1.021600000000000000e+04 8.470000000000000000e+02
1.522858572811141253e+09 1.759500000000000000e+04 1.129000000000000000e+03
1.522858572811241388e+09 2.167200000000000000e+04 1.695000000000000000e+03
1.522858572811341524e+09 3.176300000000000000e+04 8.470000000000000000e+02
1.522858572811441898e+09 2.015100000000000000e+04 1.129000000000000000e+03
1.522858572811542034e+09 1.901500000000000000e+04 1.412000000000000000e+03
1.522858572811642170e+09 3.005900000000000000e+04 1.412000000000000000e+03
1.522858572811742544e+09 3.132200000000000000e+04 1.694000000000000000e+03
1.522858572811842680e+09 3.036800000000000000e+04 1.129000000000000000e+03
1.522858572811942816e+09 2.327200000000000000e+04 1.129000000000000000e+03
1.522858572812042952e+09 2.309100000000000000e+04 8.470000000000000000e+02
1.522858572812143326e+09 3.075400000000000000e+04 1.129000000000000000e+03
1.522858572812243462e+09 1.958300000000000000e+04 1.129000000000000000e+03
1.522858572812343597e+09 3.132200000000000000e+04 1.695000000000000000e+03
1.522858572812443733e+09 1.617600000000000000e+04 1.129000000000000000e+03
1.522858572812544107e+09 2.466700000000000000e+04 1.130000000000000000e+03
1.522858572812644243e+09 1.873100000000000000e+04 1.130000000000000000e+03
1.522858572812744379e+09 1.220300000000000000e+04 1.129000000000000000e+03
1.522858572812844753e+09 2.015000000000000000e+04 1.130000000000000000e+03
1.522858572812944889e+09 1.731200000000000000e+04 8.470000000000000000e+02
1.522858572813045025e+09 3.132200000000000000e+04 1.694000000000000000e+03
1.522858572813145161e+09 1.617700000000000000e+04 1.129000000000000000e+03
1.522858572813245535e+09 3.036800000000000000e+04 1.129000000000000000e+03
1.522858572813345671e+09 2.298800000000000000e+04 1.130000000000000000e+03
1.522858572813445807e+09 1.674400000000000000e+04 1.130000000000000000e+03
1.522858572813545942e+09 2.835600000000000000e+04 1.130000000000000000e+03
1.522858572813646317e+09 3.075400000000000000e+04 1.977000000000000000e+03
1.522858572813746452e+09 1.248800000000000000e+04 1.130000000000000000e+03
1.522858572813846588e+09 1.986600000000000000e+04 1.130000000000000000e+03
1.522858572813946962e+09 2.479400000000000000e+04 1.129000000000000000e+03
1.522858572814047098e+09 2.582700000000000000e+04 8.470000000000000000e+02
1.522858572814147234e+09 3.188900000000000000e+04 1.977000000000000000e+03
1.522858572814247370e+09 3.233000000000000000e+04 1.129000000000000000e+03
1.522858572814347744e+09 3.093500000000000000e+04 1.412000000000000000e+03
1.522858572814447880e+09 3.065200000000000000e+04 1.129000000000000000e+03
1.522858572814548016e+09 3.018600000000000000e+04 1.129000000000000000e+03
1.522858572814648151e+09 2.213700000000000000e+04 8.470000000000000000e+02
1.522858572814748526e+09 1.844800000000000000e+04 1.412000000000000000e+03
1.522858572814848661e+09 1.788000000000000000e+04 1.130000000000000000e+03
1.522858572814948797e+09 2.015000000000000000e+04 1.130000000000000000e+03
1.522858572815048933e+09 2.949200000000000000e+04 1.412000000000000000e+03
1.522858572815149307e+09 2.724600000000000000e+04 1.412000000000000000e+03
1.522858572815249443e+09 1.901500000000000000e+04 1.130000000000000000e+03
1.522858572815349579e+09 3.075400000000000000e+04 1.129000000000000000e+03
1.522858572815449953e+09 2.781400000000000000e+04 1.130000000000000000e+03
1.522858572815550089e+09 1.873100000000000000e+04 1.130000000000000000e+03
1.522858572815650225e+09 3.034300000000000000e+04 1.412000000000000000e+03
1.522858572815750360e+09 2.100200000000000000e+04 1.130000000000000000e+03
1.522858572815850735e+09 3.008400000000000000e+04 1.129000000000000000e+03
1.522858572815950871e+09 2.696200000000000000e+04 8.470000000000000000e+02
1.522858572816051006e+09 2.015000000000000000e+04 1.412000000000000000e+03
1.522858572816151142e+09 2.696200000000000000e+04 8.470000000000000000e+02
1.522858572816251516e+09 3.121900000000000000e+04 1.129000000000000000e+03
1.522858572816351652e+09 2.961900000000000000e+04 8.470000000000000000e+02
1.522858572816451788e+09 2.848300000000000000e+04 1.412000000000000000e+03
1.522858572816552162e+09 3.091000000000000000e+04 1.412000000000000000e+03
1.522858572816652298e+09 2.696100000000000000e+04 1.130000000000000000e+03
1.522858572816752434e+09 2.384000000000000000e+04 8.470000000000000000e+02
1.522858572816852570e+09 2.043400000000000000e+04 1.695000000000000000e+03
1.522858572816952944e+09 1.362200000000000000e+04 8.470000000000000000e+02
1.522858572817053080e+09 2.621300000000000000e+04 8.470000000000000000e+02
1.522858572817153215e+09 1.958300000000000000e+04 1.130000000000000000e+03
1.522858572817253351e+09 2.665400000000000000e+04 1.130000000000000000e+03
1.522858572817353725e+09 3.150300000000000000e+04 1.130000000000000000e+03
1.522858572817453861e+09 1.674400000000000000e+04 1.129000000000000000e+03
1.522858572817553997e+09 2.696200000000000000e+04 8.470000000000000000e+02
1.522858572817654371e+09 3.075400000000000000e+04 1.129000000000000000e+03
1.522858572817754507e+09 2.753000000000000000e+04 1.129000000000000000e+03
1.522858572817854643e+09 1.646100000000000000e+04 1.129000000000000000e+03
1.522858572817954779e+09 2.412300000000000000e+04 8.470000000000000000e+02
1.522858572818055153e+09 1.958200000000000000e+04 1.412000000000000000e+03
1.522858572818155289e+09 3.176300000000000000e+04 8.470000000000000000e+02
1.522858572818255424e+09 1.447400000000000000e+04 1.129000000000000000e+03
1.522858572818355560e+09 2.071700000000000000e+04 1.130000000000000000e+03
1.522858572818455935e+09 2.353200000000000000e+04 1.412000000000000000e+03
1.522858572818556070e+09 1.362200000000000000e+04 8.470000000000000000e+02
1.522858572818656206e+09 2.848300000000000000e+04 1.412000000000000000e+03
1.522858572818756580e+09 2.778900000000000000e+04 1.130000000000000000e+03
1.522858572818856716e+09 2.440800000000000000e+04 1.130000000000000000e+03
1.522858572818956852e+09 1.958300000000000000e+04 1.130000000000000000e+03
1.522858572819056988e+09 3.204600000000000000e+04 1.412000000000000000e+03
1.522858572819157362e+09 3.119400000000000000e+04 1.130000000000000000e+03
1.522858572819257498e+09 1.958300000000000000e+04 1.695000000000000000e+03
1.522858572819357634e+09 2.990200000000000000e+04 1.129000000000000000e+03
1.522858572819457769e+09 2.469100000000000000e+04 1.129000000000000000e+03
1.522858572819558144e+09 1.759600000000000000e+04 1.412000000000000000e+03
1.522858572819658279e+09 1.759600000000000000e+04 1.129000000000000000e+03
1.522858572819758415e+09 3.261300000000000000e+04 8.470000000000000000e+02
1.522858572819858551e+09 3.147900000000000000e+04 1.130000000000000000e+03
1.522858572819958925e+09 2.525900000000000000e+04 1.130000000000000000e+03
1.522858572820059061e+09 1.106800000000000000e+04 8.470000000000000000e+02
1.522858572820159197e+09 3.036800000000000000e+04 1.129000000000000000e+03
1.522858572820259571e+09 3.047000000000000000e+04 8.470000000000000000e+02
1.522858572820359707e+09 2.451000000000000000e+04 1.412000000000000000e+03
1.522858572820459843e+09 3.233000000000000000e+04 1.129000000000000000e+03
1.522858572820559978e+09 1.163600000000000000e+04 8.470000000000000000e+02
1.522858572820660353e+09 7.946000000000000000e+03 1.695000000000000000e+03
1.522858572820760489e+09 1.646100000000000000e+04 1.412000000000000000e+03
1.522858572820860624e+09 3.008400000000000000e+04 1.129000000000000000e+03
1.522858572820960760e+09 2.949200000000000000e+04 8.470000000000000000e+02
1.522858572821061134e+09 2.564500000000000000e+04 1.412000000000000000e+03
1.522858572821161270e+09 2.554300000000000000e+04 1.412000000000000000e+03
1.522858572821261406e+09 3.036800000000000000e+04 1.130000000000000000e+03
1.522858572821361780e+09 1.390600000000000000e+04 1.129000000000000000e+03
1.522858572821461916e+09 1.788000000000000000e+04 1.977000000000000000e+03
1.522858572821562052e+09 2.213700000000000000e+04 1.412000000000000000e+03
1.522858572821662188e+09 3.176200000000000000e+04 1.412000000000000000e+03
1.522858572821762562e+09 2.894900000000000000e+04 1.694000000000000000e+03
1.522858572821862698e+09 1.277100000000000000e+04 8.470000000000000000e+02
1.522858572821962833e+09 1.986600000000000000e+04 1.412000000000000000e+03
1.522858572822062969e+09 5.107000000000000000e+03 8.470000000000000000e+02
1.522858572822163343e+09 3.036800000000000000e+04 8.470000000000000000e+02
1.522858572822263479e+09 1.617700000000000000e+04 1.412000000000000000e+03
1.522858572822363615e+09 8.230000000000000000e+03 1.412000000000000000e+03
1.522858572822463989e+09 2.678000000000000000e+04 1.130000000000000000e+03
1.522858572822564125e+09 2.724600000000000000e+04 1.412000000000000000e+03
1.522858572822664261e+09 2.923200000000000000e+04 1.412000000000000000e+03
1.522858572822764397e+09 2.980100000000000000e+04 1.412000000000000000e+03
1.522858572822864771e+09 2.920800000000000000e+04 1.695000000000000000e+03
1.522858572822964907e+09 3.075400000000000000e+04 1.129000000000000000e+03
1.522858572823065042e+09 1.958300000000000000e+04 1.129000000000000000e+03
1.522858572823165178e+09 1.419000000000000000e+04 1.694000000000000000e+03
1.522858572823265553e+09 1.589300000000000000e+04 8.470000000000000000e+02
1.522858572823365688e+09 1.419000000000000000e+04 1.412000000000000000e+03
1.522858572823465824e+09 8.798000000000000000e+03 1.129000000000000000e+03
1.522858572823565960e+09 2.440800000000000000e+04 1.130000000000000000e+03
1.522858572823666334e+09 1.277100000000000000e+04 8.470000000000000000e+02
1.522858572823766470e+09 2.809800000000000000e+04 1.412000000000000000e+03
1.522858572823866606e+09 2.734800000000000000e+04 1.695000000000000000e+03
1.522858572823966980e+09 3.075400000000000000e+04 1.412000000000000000e+03
1.522858572824067116e+09 3.132200000000000000e+04 1.130000000000000000e+03
1.522858572824167252e+09 2.637000000000000000e+04 1.130000000000000000e+03
1.522858572824267387e+09 1.617700000000000000e+04 8.470000000000000000e+02
1.522858572824367762e+09 1.958300000000000000e+04 1.412000000000000000e+03
1.522858572824467897e+09 2.980100000000000000e+04 1.129000000000000000e+03
1.522858572824568033e+09 1.305500000000000000e+04 1.412000000000000000e+03
1.522858572824668169e+09 2.497500000000000000e+04 5.368000000000000000e+03
1.522858572824768543e+09 3.065100000000000000e+04 1.412000000000000000e+03
1.522858572824868679e+09 1.021600000000000000e+04 1.412000000000000000e+03
1.522858572824968815e+09 2.412400000000000000e+04 1.412000000000000000e+03
1.522858572825069189e+09 2.838100000000000000e+04 1.130000000000000000e+03
1.522858572825169325e+09 2.920800000000000000e+04 1.412000000000000000e+03
1.522858572825269461e+09 9.933000000000000000e+03 1.129000000000000000e+03
1.522858572825369596e+09 2.791600000000000000e+04 1.130000000000000000e+03
1.522858572825469971e+09 3.233000000000000000e+04 1.129000000000000000e+03
1.522858572825570107e+09 1.078400000000000000e+04 1.129000000000000000e+03
1.522858572825670242e+09 2.892400000000000000e+04 1.412000000000000000e+03
1.522858572825770378e+09 3.008400000000000000e+04 1.129000000000000000e+03
1.522858572825870752e+09 1.901500000000000000e+04 1.412000000000000000e+03
1.522858572825970888e+09 1.532500000000000000e+04 1.130000000000000000e+03
1.522858572826071024e+09 1.390600000000000000e+04 1.129000000000000000e+03
1.522858572826171398e+09 3.091100000000000000e+04 1.695000000000000000e+03
1.522858572826271534e+09 3.150300000000000000e+04 1.695000000000000000e+03
1.522858572826371670e+09 3.005900000000000000e+04 1.412000000000000000e+03
1.522858572826471806e+09 1.248700000000000000e+04 1.412000000000000000e+03
1.522858572826572180e+09 1.220300000000000000e+04 1.694000000000000000e+03
1.522858572826672316e+09 1.929900000000000000e+04 8.470000000000000000e+02
1.522858572826772451e+09 2.384000000000000000e+04 1.694000000000000000e+03
1.522858572826872587e+09 3.065100000000000000e+04 8.470000000000000000e+02
1.522858572826972961e+09 3.261400000000000000e+04 1.695000000000000000e+03
1.522858572827073097e+09 2.582600000000000000e+04 8.470000000000000000e+02
1.522858572827173233e+09 2.923300000000000000e+04 1.695000000000000000e+03
1.522858572827273607e+09 2.355600000000000000e+04 1.412000000000000000e+03
1.522858572827373743e+09 2.753000000000000000e+04 1.130000000000000000e+03
1.522858572827473879e+09 2.469100000000000000e+04 1.412000000000000000e+03
1.522858572827574015e+09 3.075400000000000000e+04 1.129000000000000000e+03
1.522858572827674389e+09 2.990200000000000000e+04 1.129000000000000000e+03
1.522858572827774525e+09 2.990200000000000000e+04 1.694000000000000000e+03
1.522858572827874660e+09 1.958200000000000000e+04 8.470000000000000000e+02
1.522858572827974796e+09 3.150300000000000000e+04 1.130000000000000000e+03
1.522858572828075171e+09 1.589300000000000000e+04 8.470000000000000000e+02
1.522858572828175306e+09 2.667800000000000000e+04 1.412000000000000000e+03
1.522858572828275442e+09 9.649000000000000000e+03 1.130000000000000000e+03
1.522858572828375578e+09 1.305500000000000000e+04 1.412000000000000000e+03
1.522858572828475952e+09 1.901400000000000000e+04 1.130000000000000000e+03
1.522858572828576088e+09 2.781400000000000000e+04 1.129000000000000000e+03
1.522858572828676224e+09 3.065200000000000000e+04 1.412000000000000000e+03
1.522858572828776598e+09 1.220400000000000000e+04 1.130000000000000000e+03
1.522858572828876734e+09 1.844700000000000000e+04 1.695000000000000000e+03
1.522858572828976870e+09 2.649700000000000000e+04 1.130000000000000000e+03
1.522858572829077005e+09 2.724600000000000000e+04 8.470000000000000000e+02
1.522858572829177380e+09 2.809700000000000000e+04 1.412000000000000000e+03
1.522858572829277515e+09 3.034400000000000000e+04 1.130000000000000000e+03
1.522858572829377651e+09 1.759600000000000000e+04 8.470000000000000000e+02
1.522858572829477787e+09 2.951600000000000000e+04 8.470000000000000000e+02
1.522858572829578161e+09 1.702800000000000000e+04 1.412000000000000000e+03
1.522858572829678297e+09 2.495100000000000000e+04 1.412000000000000000e+03
1.522858572829778433e+09 3.233000000000000000e+04 1.412000000000000000e+03
1.522858572829878807e+09 3.075400000000000000e+04 1.694000000000000000e+03
1.522858572829978943e+09 1.929900000000000000e+04 1.694000000000000000e+03
1.522858572830079079e+09 2.071800000000000000e+04 8.470000000000000000e+02
1.522858572830179214e+09 2.185300000000000000e+04 1.129000000000000000e+03
1.522858572830279589e+09 1.362300000000000000e+04 1.129000000000000000e+03
1.522858572830379725e+09 4.256000000000000000e+03 1.130000000000000000e+03
1.522858572830479860e+09 2.592900000000000000e+04 1.130000000000000000e+03
1.522858572830579996e+09 3.207000000000000000e+04 8.470000000000000000e+02
1.522858572830680370e+09 1.759600000000000000e+04 1.412000000000000000e+03
1.522858572830780506e+09 3.018600000000000000e+04 1.130000000000000000e+03
1.522858572830880642e+09 5.676000000000000000e+03 1.130000000000000000e+03
1.522858572830981016e+09 2.621300000000000000e+04 1.412000000000000000e+03
1.522858572831081152e+09 3.121900000000000000e+04 8.470000000000000000e+02
1.522858572831181288e+09 2.809800000000000000e+04 1.412000000000000000e+03
1.522858572831281424e+09 2.525900000000000000e+04 8.470000000000000000e+02
1.522858572831381798e+09 3.036800000000000000e+04 1.694000000000000000e+03
1.522858572831481934e+09 1.844700000000000000e+04 1.694000000000000000e+03
1.522858572831582069e+09 1.050000000000000000e+04 1.412000000000000000e+03
1.522858572831682205e+09 2.781400000000000000e+04 1.129000000000000000e+03
1.522858572831782579e+09 2.639400000000000000e+04 1.129000000000000000e+03
1.522858572831882715e+09 1.248700000000000000e+04 1.412000000000000000e+03
1.522858572831982851e+09 3.008400000000000000e+04 1.129000000000000000e+03
1.522858572832082987e+09 2.071700000000000000e+04 1.130000000000000000e+03
1.522858572832183361e+09 3.178700000000000000e+04 1.412000000000000000e+03
1.522858572832283497e+09 3.147900000000000000e+04 1.412000000000000000e+03
1.522858572832383633e+09 8.797000000000000000e+03 8.470000000000000000e+02
1.522858572832484007e+09 1.220400000000000000e+04 1.130000000000000000e+03
1.522858572832584143e+09 1.163500000000000000e+04 1.412000000000000000e+03
1.522858572832684278e+09 2.071800000000000000e+04 1.412000000000000000e+03
1.522858572832784414e+09 2.185300000000000000e+04 1.412000000000000000e+03
1.522858572832884789e+09 2.837000000000000000e+03 1.129000000000000000e+03
1.522858572832984924e+09 2.100200000000000000e+04 8.470000000000000000e+02
1.522858572833085060e+09 9.649000000000000000e+03 8.470000000000000000e+02
1.522858572833185196e+09 2.706400000000000000e+04 1.130000000000000000e+03
1.522858572833285570e+09 7.378000000000000000e+03 8.470000000000000000e+02
1.522858572833385706e+09 2.980000000000000000e+04 1.130000000000000000e+03
1.522858572833485842e+09 1.844800000000000000e+04 1.412000000000000000e+03
1.522858572833586216e+09 3.235400000000000000e+04 1.412000000000000000e+03
1.522858572833686352e+09 5.959000000000000000e+03 8.470000000000000000e+02
1.522858572833786488e+09 2.753000000000000000e+04 1.695000000000000000e+03
1.522858572833886623e+09 2.781400000000000000e+04 1.129000000000000000e+03
1.522858572833986998e+09 2.071800000000000000e+04 1.412000000000000000e+03
1.522858572834087133e+09 2.128600000000000000e+04 1.412000000000000000e+03
1.522858572834187269e+09 9.365000000000000000e+03 1.412000000000000000e+03
1.522858572834287405e+09 3.233000000000000000e+04 8.470000000000000000e+02
1.522858572834387779e+09 3.036800000000000000e+04 1.130000000000000000e+03
1.522858572834487915e+09 2.100200000000000000e+04 8.470000000000000000e+02
1.522858572834588051e+09 2.355600000000000000e+04 1.130000000000000000e+03
1.522858572834688425e+09 2.128600000000000000e+04 1.130000000000000000e+03
1.522858572834788561e+09 3.178700000000000000e+04 8.470000000000000000e+02
1.522858572834888697e+09 2.451000000000000000e+04 1.130000000000000000e+03
1.522858572834988832e+09 2.525900000000000000e+04 1.412000000000000000e+03
1.522858572835089207e+09 2.383900000000000000e+04 1.412000000000000000e+03
1.522858572835189342e+09 3.121900000000000000e+04 1.695000000000000000e+03
1.522858572835289478e+09 3.018600000000000000e+04 8.470000000000000000e+02
1.522858572835389614e+09 2.582700000000000000e+04 1.695000000000000000e+03
1.522858572835489988e+09 1.362200000000000000e+04 1.412000000000000000e+03
1.522858572835590124e+09 2.043400000000000000e+04 1.130000000000000000e+03
1.522858572835690260e+09 1.532500000000000000e+04 1.694000000000000000e+03
1.522858572835790396e+09 2.384000000000000000e+04 1.130000000000000000e+03
1.522858572835890770e+09 9.365000000000000000e+03 1.412000000000000000e+03
1.522858572835990906e+09 1.844700000000000000e+04 1.129000000000000000e+03
1.522858572836091042e+09 3.119500000000000000e+04 1.129000000000000000e+03
1.522858572836191416e+09 2.384000000000000000e+04 8.470000000000000000e+02
1.522858572836291552e+09 2.637000000000000000e+04 1.129000000000000000e+03
1.522858572836391687e+09 2.951600000000000000e+04 1.412000000000000000e+03
1.522858572836491823e+09 1.163500000000000000e+04 8.470000000000000000e+02
1.522858572836592197e+09 2.384000000000000000e+04 1.412000000000000000e+03
1.522858572836692333e+09 3.150300000000000000e+04 1.130000000000000000e+03
1.522858572836792469e+09 2.469100000000000000e+04 1.129000000000000000e+03
1.522858572836892605e+09 2.696200000000000000e+04 1.130000000000000000e+03
1.522858572836992979e+09 1.248700000000000000e+04 1.695000000000000000e+03
1.522858572837093115e+09 7.663000000000000000e+03 1.412000000000000000e+03
1.522858572837193251e+09 3.132200000000000000e+04 1.130000000000000000e+03
1.522858572837293625e+09 2.252300000000000000e+04 1.412000000000000000e+03
1.522858572837393761e+09 3.034300000000000000e+04 8.470000000000000000e+02
1.522858572837493896e+09 2.242100000000000000e+04 1.412000000000000000e+03
1.522858572837594032e+09 2.525900000000000000e+04 1.130000000000000000e+03
1.522858572837694407e+09 2.734800000000000000e+04 1.129000000000000000e+03
1.522858572837794542e+09 1.901500000000000000e+04 8.470000000000000000e+02
1.522858572837894678e+09 1.731200000000000000e+04 1.129000000000000000e+03
1.522858572837994814e+09 5.959000000000000000e+03 1.129000000000000000e+03
1.522858572838095188e+09 1.759600000000000000e+04 1.129000000000000000e+03
1.522858572838195324e+09 2.724600000000000000e+04 1.695000000000000000e+03
1.522858572838295460e+09 3.047000000000000000e+04 8.470000000000000000e+02
1.522858572838395834e+09 2.864000000000000000e+04 1.130000000000000000e+03
1.522858572838495970e+09 2.213700000000000000e+04 8.470000000000000000e+02
1.522858572838596106e+09 2.100200000000000000e+04 1.412000000000000000e+03
1.522858572838696241e+09 3.065200000000000000e+04 1.130000000000000000e+03
1.522858572838796616e+09 2.015100000000000000e+04 1.129000000000000000e+03
1.522858572838896751e+09 1.646000000000000000e+04 1.129000000000000000e+03
1.522858572838996887e+09 3.119400000000000000e+04 1.130000000000000000e+03
1.522858572839097023e+09 3.132200000000000000e+04 1.412000000000000000e+03
1.522858572839197397e+09 3.065200000000000000e+04 1.694000000000000000e+03
1.522858572839297533e+09 3.018600000000000000e+04 1.130000000000000000e+03
1.522858572839397669e+09 1.759600000000000000e+04 1.130000000000000000e+03
1.522858572839498043e+09 1.901500000000000000e+04 1.129000000000000000e+03
1.522858572839598179e+09 2.015100000000000000e+04 1.412000000000000000e+03
1.522858572839698315e+09 2.923300000000000000e+04 1.412000000000000000e+03
1.522858572839798450e+09 1.731200000000000000e+04 1.130000000000000000e+03
1.522858572839898825e+09 1.277100000000000000e+04 1.129000000000000000e+03
1.522858572839998960e+09 1.646000000000000000e+04 1.412000000000000000e+03
1.522858572840099096e+09 1.589300000000000000e+04 1.412000000000000000e+03
1.522858572840199232e+09 5.959000000000000000e+03 8.470000000000000000e+02
1.522858572840299606e+09 3.047000000000000000e+04 1.412000000000000000e+03
1.522858572840399742e+09 1.844800000000000000e+04 1.412000000000000000e+03
1.522858572840499878e+09 2.270500000000000000e+04 1.129000000000000000e+03
1.522858572840600014e+09 2.781400000000000000e+04 1.130000000000000000e+03
1.522858572840700388e+09 2.734800000000000000e+04 8.470000000000000000e+02
1.522858572840800524e+09 2.156900000000000000e+04 1.412000000000000000e+03
1.522858572840900660e+09 1.277100000000000000e+04 1.130000000000000000e+03
1.522858572841001034e+09 9.365000000000000000e+03 1.412000000000000000e+03
1.522858572841101170e+09 1.646100000000000000e+04 1.130000000000000000e+03
1.522858572841201305e+09 2.554300000000000000e+04 1.129000000000000000e+03
1.522858572841301441e+09 1.163600000000000000e+04 1.130000000000000000e+03
1.522858572841401815e+09 2.977500000000000000e+04 1.412000000000000000e+03
1.522858572841501951e+09 3.036800000000000000e+04 1.695000000000000000e+03
1.522858572841602087e+09 3.005900000000000000e+04 1.412000000000000000e+03
1.522858572841702223e+09 2.838100000000000000e+04 1.412000000000000000e+03
1.522858572841802597e+09 1.617700000000000000e+04 8.470000000000000000e+02
1.522858572841902733e+09 2.536100000000000000e+04 1.412000000000000000e+03
