#X	Y	Z	HWP_power	HWP_stepper	pmtA_signal	pmtB_signal	time
28.6894	39.6949	30.0015	0.0	358.015695	0.0006103885	0.0103625677	1526483385.4168303
28.6865	39.6929	29.9998	0.0	-0.0	0.0006465874	0.0098098225	1526483387.2379346
28.6873	39.6979	30.0014	0.0	2.017937	0.0006413632	0.0085323619	1526483387.4569468
28.6887	39.6961	30.0019	0.0	3.979821	0.0006086891	0.0094883474	1526483387.6549582
28.6883	39.6951	30.0021	0.0	5.997758	0.0006483191	0.0083494002	1526483387.8499694
28.6877	39.6932	29.9975	0.0	8.015695	0.0005545783	0.0071619125	1526483388.0589814
28.6882	39.6918	29.9987	0.0	9.977578	0.0005951141	0.0079979515	1526483388.2569928
28.6881	39.6906	29.9998	0.0	11.995516	0.0005654789	0.0064428719	1526483388.467005
28.6867	39.6947	29.9992	0.0	14.013453	0.0006147346	0.0067069974	1526483388.6660163
28.6881	39.6955	29.999	0.0	15.975336	0.0006535787	0.0060917477	1526483388.8620274
28.6878	39.6968	30.0017	0.0	17.993274	0.000582528	0.0057368971	1526483389.0600386
28.6881	39.6965	30.0023	0.0	20.011211	0.0006758043	0.0056542446	1526483389.2760513
28.6873	39.693	30.0019	0.0	21.973094	0.0006461599	0.0045967904	1526483389.5140646
28.6881	39.6939	30.0	0.0	23.991031	0.0006073204	0.0054930795	1526483389.7370775
28.6884	39.6921	30.0007	0.0	26.008969	0.0005999216	0.0047041231	1526483389.9460895
28.6876	39.6941	30.0002	0.0	28.026906	0.0006108175	0.0047436039	1526483390.1451008
28.6887	39.6972	30.0006	0.0	29.988789	0.0007137134	0.0050620925	1526483390.3701136
28.6875	39.6954	30.0006	0.0	32.006726	0.0006670722	0.0050324819	1526483390.567125
28.6874	39.6962	30.0013	0.0	34.024664	0.000618204	0.0043869141	1526483390.7711365
28.6885	39.6946	30.0013	0.0	35.986547	0.0006299966	0.0043013211	1526483390.9811487
28.6873	39.6926	29.9984	0.0	38.004484	0.0006509504	0.0048078125	1526483391.18116
28.6873	39.6978	30.0029	0.0	40.022422	0.0005781265	0.0048696174	1526483391.442175
28.6881	39.6927	29.9992	0.0	41.984305	0.0006047629	0.0047965843	1526483391.6471868
28.6875	39.6922	29.9995	0.0	44.002242	0.0006243541	0.0052628629	1526483391.8681993
28.6884	39.6952	30.0013	0.0	46.020179	0.0005772576	0.0061683271	1526483392.0622103
28.6881	39.6948	29.9999	0.0	47.982063	0.0006439807	0.0061309424	1526483392.2832232
28.6871	39.6946	30.0012	0.0	50.0	0.0007028451	0.0064793	1526483392.494235
28.6871	39.6898	29.9987	0.0	52.017937	0.0005149022	0.0063533987	1526483392.717248
28.6877	39.6972	30.0017	0.0	53.979821	0.0006618833	0.0078258397	1526483392.946261
28.6868	39.6941	30.0007	0.0	55.997758	0.0006814715	0.0083712429	1526483393.1432722
28.6894	39.695	30.0018	0.0	58.015695	0.0006823604	0.0085393224	1526483393.3402834
28.6866	39.6963	30.0009	0.0	59.977578	0.000659232	0.0093401252	1526483393.5622964
28.6867	39.6924	29.9969	0.0	61.995516	0.0006335092	0.0103187146	1526483393.765308
28.687	39.6944	29.9994	0.0	64.013453	0.0006147515	0.0115797936	1526483393.9643192
28.6873	39.6943	29.9989	0.0	65.975336	0.0006971487	0.0122772161	1526483394.2163336
28.6866	39.6931	29.9987	0.0	67.993274	0.0006274222	0.0112673105	1526483394.4233453
28.6882	39.692	30.0002	0.0	70.011211	0.0005837768	0.01353346	1526483394.6683595
28.6886	39.6943	30.001	0.0	71.973094	0.0006208677	0.0137298521	1526483394.8743713
28.688	39.6952	29.9998	0.0	73.991031	0.0007093704	0.0138907019	1526483395.0813832
28.6882	39.6921	29.9996	0.0	76.008969	0.000825832	0.0140976178	1526483395.2873948
28.6873	39.6973	30.0009	0.0	78.026906	0.00063346	0.0114876861	1526483395.516408
28.6877	39.6942	29.9996	0.0	79.988789	0.0006400683	0.0130055241	1526483395.7204196
28.6876	39.6911	29.999	0.0	82.006726	0.0006457416	0.0126948342	1526483395.9284315
28.6873	39.6956	30.0021	0.0	84.024664	0.0006308886	0.0119487082	1526483396.126443
28.689	39.6971	30.0001	0.0	85.986547	0.0006984698	0.0110226639	1526483396.321454
28.6887	39.6956	30.001	0.0	88.004484	0.0005659203	0.0104977316	1526483396.5164652
28.6885	39.6969	30.0017	0.0	90.022422	0.0006334984	0.009879749	1526483396.7124765
28.687	39.6932	29.9999	0.0	91.984305	0.0006675228	0.0095908741	1526483396.917488
28.6877	39.6985	30.0005	0.0	94.002242	0.0006064545	0.0081022023	1526483397.1285002
28.6883	39.6928	29.9994	0.0	96.020179	0.0005620109	0.006615342	1526483397.3275115
28.6883	39.6931	29.9988	0.0	97.982063	0.0006055979	0.0078302473	1526483397.5205226
28.6873	39.6937	29.9988	0.0	100.0	0.0007338091	0.0066470872	1526483397.7225342
28.688	39.6947	30.0003	0.0	102.017937	0.0005262457	0.0050086537	1526483397.9505472
28.6881	39.6961	30.0021	0.0	103.979821	0.0006331047	0.0062199988	1526483398.1475585
28.6874	39.6924	29.9988	0.0	105.997758	0.0006836337	0.0061109759	1526483398.35057
28.6875	39.6926	29.9998	0.0	108.015695	0.0006849763	0.0035115065	1526483398.557582
28.6885	39.6975	30.0005	0.0	109.977578	0.0006448573	0.0056889733	1526483398.752593
28.6881	39.6917	29.9983	0.0	111.995516	0.0006138918	0.0053258105	1526483398.964605
28.6882	39.6958	30.0009	0.0	114.013453	0.0006583415	0.0046966966	1526483399.171617
28.6883	39.6933	30.0011	0.0	115.975336	0.0006614142	0.0043677181	1526483399.39463
28.6874	39.6955	29.9989	0.0	117.993274	0.0006138764	0.0038876276	1526483399.6346436
28.686	39.6931	29.9992	0.0	120.011211	0.0006234575	0.004134498	1526483399.8666568
28.6878	39.6965	30.0011	0.0	121.973094	0.0005524191	0.0050686439	1526483400.0616682
28.6892	39.6934	29.9974	0.0	123.991031	0.0006374354	0.0052415154	1526483400.2596793
28.6878	39.6949	30.0017	0.0	126.008969	0.000680132	0.0036904574	1526483400.4716916
28.6888	39.6922	29.9996	0.0	128.026906	0.0005205847	0.0055943682	1526483400.6687026
28.6859	39.6937	29.9997	0.0	129.988789	0.0005755398	0.0055143163	1526483400.8737144
28.6878	39.6943	30.0019	0.0	132.006726	0.0005811962	0.0047245479	1526483401.0687256
28.6874	39.6923	30.0005	0.0	134.024664	0.0006029758	0.0055486666	1526483401.2727373
28.6871	39.6928	29.9975	0.0	135.986547	0.0005506782	0.0054686577	1526483401.4867494
28.6886	39.6964	30.0034	0.0	138.004484	0.0006051612	0.0069469058	1526483401.6817605
28.6881	39.6955	30.0	0.0	140.022422	0.0006610344	0.0067535356	1526483401.878772
28.688	39.6963	30.0011	0.0	141.984305	0.0007010919	0.0076351609	1526483402.074783
28.6877	39.6947	29.9995	0.0	144.002242	0.0006771023	0.0087736005	1526483402.2777948
28.6875	39.6933	29.9992	0.0	146.020179	0.0005423844	0.0089286986	1526483402.4838064
28.6874	39.6937	29.9988	0.0	147.982063	0.0006417584	0.0096990742	1526483402.6928184
28.6884	39.6955	30.0012	0.0	150.0	0.00066883	0.0110183425	1526483402.8938298
28.6892	39.698	30.0025	0.0	152.017937	0.0006561885	0.0112928995	1526483403.104842
28.689	39.6991	30.0023	0.0	153.979821	0.0006570712	0.0113589121	1526483403.3018532
28.6872	39.6941	30.001	0.0	155.997758	0.0006657557	0.0113115926	1526483403.5038648
28.6879	39.6962	30.0007	0.0	158.015695	0.0007342366	0.0119712614	1526483403.7078767
28.6883	39.692	29.9992	0.0	159.977578	0.0006444405	0.0135300366	1526483403.906888
28.6871	39.696	30.0014	0.0	161.995516	0.0007023637	0.0124814561	1526483404.135901
28.6875	39.6987	30.003	0.0	164.013453	0.0006788724	0.0130690007	1526483404.329912
28.6876	39.6968	30.0041	0.0	165.975336	0.0007093719	0.0134573404	1526483404.5259233
28.688	39.6941	30.0001	0.0	167.993274	0.000702819	0.0117153174	1526483404.7379353
28.6885	39.6977	29.9999	0.0	170.011211	0.0006195389	0.0132862651	1526483404.9389467
28.6882	39.694	30.0001	0.0	171.973094	0.0006884673	0.012767309	1526483405.1639597
28.6867	39.6967	29.9988	0.0	173.991031	0.0007011088	0.0117275129	1526483405.359971
28.6873	39.6935	29.998	0.0	176.008969	0.0006457139	0.0109705416	1526483405.5969846
28.6875	39.6945	30.0034	0.0	178.026906	0.0006762503	0.0117522745	1526483405.7909956
28.6874	39.6918	29.9991	0.0	179.988789	0.0005977393	0.0111356345	1526483405.991007
28.6885	39.6952	30.0024	0.0	182.006726	0.0005576249	0.0093583477	1526483406.2090197
28.6886	39.6954	29.9999	0.0	184.024664	0.0005820712	0.0086132059	1526483406.4140313
28.6888	39.6953	30.0009	0.0	185.986547	0.0005484883	0.0087244925	1526483406.6140425
28.6872	39.6912	29.9985	0.0	188.004484	0.000688878	0.0071558932	1526483406.8150542
28.6875	39.6949	30.0007	0.0	190.022422	0.0006675043	0.0055457077	1526483407.0460675
28.6871	39.693	29.9999	0.0	191.984305	0.0006923767	0.0061056887	1526483407.26608
28.6867	39.6919	29.9992	0.0	194.002242	0.0006169537	0.0051971549	1526483407.5180943
28.6874	39.6945	29.997	0.0	196.020179	0.0006108099	0.0051272699	1526483407.7141056
28.6882	39.6973	30.0012	0.0	197.982063	0.0006213075	0.004707974	1526483407.9571195
28.6874	39.691	29.9979	0.0	200.0	0.0006326295	0.0049347226	1526483408.2041337
28.6883	39.6957	30.0003	0.0	202.017937	0.0006369894	0.0054548536	1526483408.4061453
28.6894	39.6946	30.0005	0.0	203.979821	0.000779566	0.0045684194	1526483408.6231575
28.6885	39.6951	30.0016	0.0	205.997758	0.0006631428	0.0038785787	1526483408.8311696
28.6867	39.6967	30.0021	0.0	208.015695	0.000607811	0.0043130629	1526483409.046182
28.6871	39.6918	29.9996	0.0	209.977578	0.0006557148	0.0046372616	1526483409.2421932
28.6865	39.6943	30.0004	0.0	211.995516	0.0007032834	0.0049960768	1526483409.4952073
28.6882	39.6928	29.9995	0.0	214.013453	0.0006614035	0.0045306825	1526483409.71122
28.6884	39.6926	29.9983	0.0	215.975336	0.0006500554	0.0046635981	1526483409.9222322
28.6884	39.6959	30.0	0.0	217.993274	0.0005851147	0.0051467797	1526483410.1182432
28.6879	39.6957	30.001	0.0	220.011211	0.000572464	0.0040840936	1526483410.346256
28.6878	39.696	30.0023	0.0	221.973094	0.0006313515	0.0050468827	1526483410.5412674
28.6882	39.6937	30.0018	0.0	223.991031	0.0005872939	0.0056430087	1526483410.76428
28.6883	39.6965	30.001	0.0	226.008969	0.0006666539	0.0056186177	1526483410.990293
28.6879	39.6935	29.9989	0.0	228.026906	0.0006732099	0.0061269408	1526483411.2003052
28.6886	39.6942	30.0007	0.0	229.988789	0.0006112681	0.0068248293	1526483411.425318
28.6876	39.6946	30.0004	0.0	232.006726	0.0006330832	0.0065922875	1526483411.7023337
28.6875	39.6916	30.0002	0.0	234.024664	0.0006579278	0.0073778728	1526483411.931347
28.6883	39.6962	30.0019	0.0	235.986547	0.0006012149	0.0084702587	1526483412.129358
28.6882	39.6927	29.9969	0.0	238.004484	0.0006566145	0.0092275975	1526483412.33337
28.6884	39.6955	30.0018	0.0	240.022422	0.0005755014	0.0089408726	1526483412.5343814
28.6877	39.6982	30.0037	0.0	241.984305	0.0006378737	0.0107415185	1526483412.753394
28.6882	39.6917	29.9973	0.0	244.002242	0.0007342274	0.0117104039	1526483412.9504051
28.6878	39.6959	30.0005	0.0	246.020179	0.0006182256	0.0122062854	1526483413.1504166
28.6874	39.6942	29.9983	0.0	247.982063	0.0006256352	0.0119195512	1526483413.3724294
28.6879	39.6921	29.999	0.0	250.0	0.0006971826	0.0114805595	1526483413.5724406
28.688	39.6977	30.0003	0.0	252.017937	0.0007617126	0.0126896654	1526483413.7664516
28.6882	39.6937	30.0011	0.0	253.979821	0.0006605407	0.0135083169	1526483413.9684634
28.6872	39.6954	30.0017	0.0	255.997758	0.0006727593	0.0136385796	1526483414.1634743
28.6875	39.694	30.0001	0.0	258.015695	0.0007438146	0.0122568329	1526483414.3734865
28.6887	39.6923	30.0004	0.0	259.977578	0.000652273	0.0129238097	1526483414.5774982
28.6884	39.6968	30.0029	0.0	261.995516	0.0006404466	0.0115222995	1526483414.7745097
28.688	39.6941	30.0004	0.0	264.013453	0.0006256475	0.0121202248	1526483414.995522
28.6882	39.6956	30.0015	0.0	265.975336	0.0007211245	0.0118688131	1526483415.1915333
28.6873	39.6963	30.0009	0.0	267.993274	0.0006527113	0.0106367603	1526483415.4145463
28.6876	39.6925	29.997	0.0	270.011211	0.0007211414	0.0093445528	1526483415.6115575
28.6874	39.6928	30.0003	0.0	271.973094	0.0005846564	0.0077072604	1526483415.83457
28.688	39.6958	30.0002	0.0	273.991031	0.0005493218	0.007848885	1526483416.0315814
28.6876	39.6981	30.0018	0.0	276.008969	0.0007778313	0.0070471995	1526483416.250594
28.6872	39.6956	30.0018	0.0	278.026906	0.0005698296	0.0069998339	1526483416.4566057
28.6873	39.6915	29.9982	0.0	279.988789	0.0005480284	0.0069534049	1526483416.6616175
28.6874	39.6959	30.0014	0.0	282.006726	0.0007141763	0.0056121463	1526483416.8576286
28.6875	39.6951	29.999	0.0	284.024664	0.000617372	0.0052193175	1526483417.0766413
28.6879	39.694	29.9989	0.0	285.986547	0.0005620033	0.0056146869	1526483417.2906535
28.6883	39.6944	30.0006	0.0	288.004484	0.000630012	0.0046888241	1526483417.4986653
28.6877	39.6975	30.0026	0.0	290.022422	0.0006566222	0.0050195189	1526483417.703677
28.6876	39.691	30.0008	0.0	291.984305	0.0006513641	0.0048883197	1526483417.9016883
28.6878	39.6979	30.0024	0.0	294.002242	0.00062916	0.005036362	1526483418.1016998
28.687	39.6959	30.0021	0.0	296.020179	0.0006226055	0.0041006213	1526483418.301711
28.6883	39.6925	30.0019	0.0	297.982063	0.000707225	0.0040884273	1526483418.4947224
28.6886	39.6922	29.9999	0.0	300.0	0.0006806133	0.0040267717	1526483418.7257354
28.6882	39.6942	30.0005	0.0	302.017937	0.0006243633	0.0050960061	1526483418.9377477
28.6885	39.6945	30.0006	0.0	303.979821	0.0007351639	0.0041001984	1526483419.1437593
28.6873	39.6946	29.999	0.0	305.997758	0.000648336	0.0048899806	1526483419.348771
28.6868	39.6923	29.9986	0.0	308.015695	0.0006370186	0.0042530358	1526483419.5667834
28.6878	39.694	29.9989	0.0	309.977578	0.0006212645	0.0043156957	1526483419.7937965
28.688	39.6931	30.0019	0.0	311.995516	0.0006260934	0.0051737666	1526483420.0228095
28.6885	39.6938	30.0009	0.0	314.013453	0.0006147515	0.0057663939	1526483420.253823
28.6885	39.6948	30.0016	0.0	315.975336	0.0005602531	0.0063715813	1526483420.4558344
28.6876	39.6934	30.0008	0.0	317.993274	0.0005615373	0.0064749985	1526483420.707849
28.6888	39.6944	30.0001	0.0	320.011211	0.0005807179	0.0078137534	1526483420.9178607
28.6864	39.6929	29.9978	0.0	321.973094	0.000659681	0.0080175181	1526483421.1828759
28.6882	39.6936	30.0007	0.0	323.991031	0.0006418476	0.0078619525	1526483421.4068887
28.688	39.6925	29.9989	0.0	326.008969	0.0006387088	0.0095843043	1526483421.6039002
28.6879	39.696	30.0008	0.0	328.026906	0.0006722964	0.0096834292	1526483421.8059118
28.6879	39.6913	29.9991	0.0	329.988789	0.0006239404	0.0104925689	1526483422.0579262
28.6878	39.6916	29.9968	0.0	332.006726	0.0006374047	0.0117574034	1526483422.3269415
28.6876	39.6939	29.9988	0.0	334.024664	0.0007704186	0.0126286986	1526483422.524953
28.6871	39.6897	29.9959	0.0	335.986547	0.0006082	0.0128086184	1526483422.7419653
28.6881	39.695	30.001	0.0	338.004484	0.0007185255	0.0134905066	1526483422.9399765
28.6883	39.695	30.0012	0.0	340.022422	0.0008288294	0.0129859683	1526483423.1629894
28.6871	39.6927	29.9994	0.0	341.984305	0.000664021	0.0135513287	1526483423.3610008
28.6876	39.6938	30.0005	0.0	344.002242	0.0006491926	0.0134947096	1526483423.572013
28.6883	39.6951	29.999	0.0	346.020179	0.0007285495	0.0132884489	1526483423.7680237
28.6883	39.6984	30.0008	0.0	347.982063	0.0006871171	0.0124457539	1526483423.964035
28.6884	39.6891	29.9963	0.0	350.0	0.0007207247	0.0127986436	1526483424.1630464
28.6871	39.6936	29.9999	0.0	352.017937	0.0006771238	0.0124335984	1526483424.3610578
28.6882	39.6973	30.0025	0.0	353.979821	0.0007137303	0.0113759135	1526483424.608072
28.6878	39.6931	29.9997	0.0	355.997758	0.0007525498	0.008861728	1526483424.8150837
